2025-06-15_05:00:01.374,1,1,1,1,2.2250,2.2250,2.2250,2.2250,2.2200,0.0000,2.2200,2.2200,-10.2400,-10.2400,-10.2400,-10.2400,-10.2400,-10.2400,-10.2400,-10.2400
2025-06-15_05:00:02.377,1,1,1,1,2.2250,2.2250,2.2250,2.2250,2.2200,0.0000,2.2200,2.2200,-10.2400,-10.2400,-10.2400,-10.2400,-10.2400,-10.2400,-10.2400,-10.2400
2025-06-15_05:00:03.381,1,1,1,1,2.2250,2.2250,2.2250,2.2250,2.2200,0.0000,2.2200,2.2200,-10.2400,-10.2400,-10.2400,-10.2400,-10.2400,-10.2400,-10.2400,-10.2400
2025-06-15_05:00:04.385,1,1,1,1,2.2250,2.2250,2.2250,2.2250,2.2200,0.0000,2.2200,2.2200,-10.2400,-10.2400,-10.2400,-10.2400,-10.2400,-10.2400,-10.2400,-10.2400
2025-06-15_05:00:05.389,1,1,1,1,2.2250,2.2250,2.2250,2.2250,2.2200,0.0000,2.2200,2.2200,-10.2400,-10.2400,-10.2400,-10.2400,-10.2400,-10.2400,-10.2400,-10.2400
2025-06-15_05:00:06.393,1,1,1,1,2.2250,2.2250,2.2250,2.2250,2.2200,0.0000,2.2200,2.2200,-10.2400,-10.2400,-10.2400,-10.2400,-10.2400,-10.2400,-10.2400,-10.2400
2025-06-15_05:00:07.397,1,1,1,1,2.2250,2.2250,2.2250,2.2250,2.2200,0.0000,2.2200,2.2200,-10.2400,-10.2400,-10.2400,-10.2400,-10.2400,-10.2400,-10.2400,-10.2400
2025-06-15_05:00:08.401,1,1,1,1,2.2250,2.2250,2.2250,2.2250,2.2200,0.0000,2.2200,2.2200,-10.2400,-10.2400,-10.2400,-10.2400,-10.2400,-10.2400,-10.2400,-10.2400
2025-06-15_05:00:09.406,1,1,1,1,2.2250,2.2250,2.2250,2.2250,2.2200,0.0000,2.2200,2.2200,-10.2400,-10.2400,-10.2400,-10.2400,-10.2400,-10.2400,-10.2400,-10.2400
2025-06-15_05:00:10.410,1,1,1,1,2.2250,2.2250,2.2250,2.2250,2.2200,0.0000,2.2200,2.2200,-10.2400,-10.2400,-10.2400,-10.2400,-10.2400,-10.2400,-10.2400,-10.2400
2025-06-15_05:00:11.414,1,1,1,1,2.2200,2.2250,2.2250,2.2250,2.2200,0.0000,2.2200,2.2200,-10.2400,-10.2400,-10.2400,-10.2400,-10.2400,-10.2400,-10.2400,-10.2400
2025-06-15_05:00:12.418,1,1,1,1,2.2250,2.2250,2.2250,2.2250,2.2200,0.0000,2.2200,2.2200,-10.2400,-10.2400,-10.2400,-10.2400,-10.2400,-10.2400,-10.2400,-10.2400
2025-06-15_05:00:13.422,1,1,1,1,2.2250,2.2250,2.2250,2.2250,2.2200,0.0000,2.2200,2.2200,-10.2400,-10.2400,-10.2400,-10.2400,-10.2400,-10.2400,-10.2400,-10.2400
2025-06-15_05:00:14.427,1,1,1,1,2.2250,2.2250,2.2250,2.2250,2.2200,0.0000,2.2200,2.2200,-10.2400,-10.2400,-10.2400,-10.2400,-10.2400,-10.2400,-10.2400,-10.2400
2025-06-15_05:00:15.432,1,1,1,1,2.2250,2.2250,2.2250,2.2250,2.2200,0.0000,2.2200,2.2200,-10.2400,-10.2400,-10.2400,-10.2400,-10.2400,-10.2400,-10.2400,-10.2400
2025-06-15_05:00:16.436,1,1,1,1,2.2200,2.2250,2.2250,2.2250,2.2200,0.0000,2.2200,2.2200,-10.2400,-10.2400,-10.2400,-10.2400,-10.2400,-10.2400,-10.2400,-10.2400
2025-06-15_05:00:17.441,1,1,1,1,2.2250,2.2250,2.2250,2.2250,2.2200,0.0000,2.2200,2.2200,-10.2400,-10.2400,-10.2400,-10.2400,-10.2400,-10.2400,-10.2400,-10.2400
2025-06-15_05:00:18.444,1,1,1,1,2.2200,2.2250,2.2250,2.2250,2.2200,0.0000,2.2200,2.2200,-10.2400,-10.2400,-10.2400,-10.2400,-10.2400,-10.2400,-10.2400,-10.2400
2025-06-15_05:00:19.448,1,1,1,1,2.2250,2.2250,2.2250,2.2250,2.2200,0.0000,2.2200,2.2200,-10.2400,-10.2400,-10.2400,-10.2400,-10.2400,-10.2400,-10.2400,-10.2400
2025-06-15_05:00:20.453,1,1,1,1,2.2250,2.2250,2.2250,2.2250,2.2200,0.0000,2.2200,2.2200,-10.2400,-10.2400,-10.2400,-10.2400,-10.2400,-10.2400,-10.2400,-10.2400
2025-06-15_05:00:21.457,1,1,1,1,2.2200,2.2250,2.2250,2.2250,2.2200,0.0000,2.2200,2.2200,-10.2400,-10.2400,-10.2400,-10.2400,-10.2400,-10.2400,-10.2400,-10.2400
2025-06-15_05:00:22.460,1,1,1,1,2.2250,2.2250,2.2250,2.2250,2.2200,0.0000,2.2200,2.2200,-10.2400,-10.2400,-10.2400,-10.2400,-10.2400,-10.2400,-10.2400,-10.2400
2025-06-15_05:00:23.466,1,1,1,1,2.2250,2.2250,2.2250,2.2250,2.2200,0.0000,2.2200,2.2200,-10.2400,-10.2400,-10.2400,-10.2400,-10.2400,-10.2400,-10.2400,-10.2400
2025-06-15_05:00:24.470,1,1,1,1,2.2200,2.2250,2.2250,2.2250,2.2200,0.0000,2.2200,2.2200,-10.2400,-10.2400,-10.2400,-10.2400,-10.2400,-10.2400,-10.2400,-10.2400
2025-06-15_05:00:25.475,1,1,1,1,2.2250,2.2250,2.2250,2.2250,2.2200,0.0000,2.2200,2.2200,-10.2400,-10.2400,-10.2400,-10.2400,-10.2400,-10.2400,-10.2400,-10.2400
2025-06-15_05:00:26.480,1,1,1,1,2.2200,2.2250,2.2250,2.2250,2.2200,0.0000,2.2200,2.2200,-10.2400,-10.2400,-10.2400,-10.2400,-10.2400,-10.2400,-10.2400,-10.2400
2025-06-15_05:00:27.484,1,1,1,1,2.2200,2.2250,2.2250,2.2250,2.2200,0.0000,2.2200,2.2200,-10.2400,-10.2400,-10.2400,-10.2400,-10.2400,-10.2400,-10.2400,-10.2400
2025-06-15_05:00:28.489,1,1,1,1,2.2200,2.2250,2.2200,2.2250,2.2200,0.0000,2.2200,2.2200,-10.2400,-10.2400,-10.2400,-10.2400,-10.2400,-10.2400,-10.2400,-10.2400
2025-06-15_05:00:29.493,1,1,1,1,2.2250,2.2250,2.2250,2.2250,2.2200,0.0000,2.2200,2.2200,-10.2400,-10.2400,-10.2400,-10.2400,-10.2400,-10.2400,-10.2400,-10.2400
2025-06-15_05:00:30.498,1,1,1,1,2.2250,2.2250,2.2250,2.2250,2.2200,0.0000,2.2200,2.2200,-10.2400,-10.2400,-10.2400,-10.2400,-10.2400,-10.2400,-10.2400,-10.2400
2025-06-15_05:00:31.502,1,1,1,1,2.2200,2.2250,2.2250,2.2250,2.2200,0.0000,2.2200,2.2200,-10.2400,-10.2400,-10.2400,-10.2400,-10.2400,-10.2400,-10.2400,-10.2400
2025-06-15_05:00:32.506,1,1,1,1,2.2200,2.2250,2.2250,2.2250,2.2200,0.0000,2.2200,2.2200,-10.2400,-10.2400,-10.2400,-10.2400,-10.2400,-10.2400,-10.2400,-10.2400
2025-06-15_05:00:33.511,1,1,1,1,2.2200,2.2250,2.2250,2.2250,2.2200,0.0000,2.2200,2.2200,-10.2400,-10.2400,-10.2400,-10.2400,-10.2400,-10.2400,-10.2400,-10.2400
2025-06-15_05:00:34.516,1,1,1,1,2.2250,2.2250,2.2250,2.2250,2.2200,0.0000,2.2200,2.2200,-10.2400,-10.2400,-10.2400,-10.2400,-10.2400,-10.2400,-10.2400,-10.2400
2025-06-15_05:00:35.520,1,1,1,1,2.2200,2.2250,2.2250,2.2250,2.2200,0.0000,2.2200,2.2200,-10.2400,-10.2400,-10.2400,-10.2400,-10.2400,-10.2400,-10.2400,-10.2400
2025-06-15_05:00:36.524,1,1,1,1,2.2250,2.2250,2.2250,2.2250,2.2200,0.0000,2.2200,2.2200,-10.2400,-10.2400,-10.2400,-10.2400,-10.2400,-10.2400,-10.2400,-10.2400
2025-06-15_05:00:37.529,1,1,1,1,2.2250,2.2250,2.2250,2.2250,2.2200,0.0000,2.2200,2.2200,-10.2400,-10.2400,-10.2400,-10.2400,-10.2400,-10.2400,-10.2400,-10.2400
2025-06-15_05:00:38.538,1,1,1,1,2.2200,2.2250,2.2250,2.2250,2.2200,0.0000,2.2200,2.2200,-10.2400,-10.2400,-10.2400,-10.2400,-10.2400,-10.2400,-10.2400,-10.2400
2025-06-15_05:00:39.542,1,1,1,1,2.2250,2.2250,2.2250,2.2250,2.2200,0.0000,2.2200,2.2200,-10.2400,-10.2400,-10.2400,-10.2400,-10.2400,-10.2400,-10.2400,-10.2400
2025-06-15_05:00:40.546,1,1,1,1,2.2250,2.2250,2.2250,2.2250,2.2200,0.0000,2.2200,2.2200,-10.2400,-10.2400,-10.2400,-10.2400,-10.2400,-10.2400,-10.2400,-10.2400
2025-06-15_05:00:41.551,1,1,1,1,2.2250,2.2250,2.2200,2.2250,2.2200,0.0000,2.2200,2.2200,-10.2400,-10.2400,-10.2400,-10.2400,-10.2400,-10.2400,-10.2400,-10.2400
2025-06-15_05:00:42.556,1,1,1,1,2.2200,2.2250,2.2250,2.2250,2.2200,0.0000,2.2200,2.2200,-10.2400,-10.2400,-10.2400,-10.2400,-10.2400,-10.2400,-10.2400,-10.2400
2025-06-15_05:00:43.559,1,1,1,1,2.2250,2.2250,2.2250,2.2250,2.2200,0.0000,2.2200,2.2200,-10.2400,-10.2400,-10.2400,-10.2400,-10.2400,-10.2400,-10.2400,-10.2400
2025-06-15_05:00:44.564,1,1,1,1,2.2250,2.2250,2.2250,2.2250,2.2200,0.0000,2.2200,2.2200,-10.2400,-10.2400,-10.2400,-10.2400,-10.2400,-10.2400,-10.2400,-10.2400
2025-06-15_05:00:45.568,1,1,1,1,2.2200,2.2250,2.2250,2.2250,2.2200,0.0000,2.2200,2.2200,-10.2400,-10.2400,-10.2400,-10.2400,-10.2400,-10.2400,-10.2400,-10.2400
2025-06-15_05:00:46.573,1,1,1,1,2.2250,2.2250,2.2250,2.2250,2.2200,0.0000,2.2200,2.2200,-10.2400,-10.2400,-10.2400,-10.2400,-10.2400,-10.2400,-10.2400,-10.2400
2025-06-15_05:00:47.577,1,1,1,1,2.2250,2.2250,2.2250,2.2250,2.2200,0.0000,2.2200,2.2200,-10.2400,-10.2400,-10.2400,-10.2400,-10.2400,-10.2400,-10.2400,-10.2400
2025-06-15_05:00:48.584,1,1,1,1,2.2200,2.2250,2.2250,2.2250,2.2200,0.0000,2.2200,2.2200,-10.2400,-10.2400,-10.2400,-10.2400,-10.2400,-10.2400,-10.2400,-10.2400
2025-06-15_05:00:49.589,1,1,1,1,2.2250,2.2250,2.2250,2.2250,2.2200,0.0000,2.2200,2.2200,-10.2400,-10.2400,-10.2400,-10.2400,-10.2400,-10.2400,-10.2400,-10.2400
2025-06-15_05:00:50.594,1,1,1,1,2.2250,2.2250,2.2250,2.2250,2.2200,0.0000,2.2200,2.2200,-10.2400,-10.2400,-10.2400,-10.2400,-10.2400,-10.2400,-10.2400,-10.2400
2025-06-15_05:00:51.598,1,1,1,1,2.2200,2.2250,2.2250,2.2250,2.2200,0.0000,2.2200,2.2200,-10.2400,-10.2400,-10.2400,-10.2400,-10.2400,-10.2400,-10.2400,-10.2400
2025-06-15_05:00:52.602,1,1,1,1,2.2200,2.2250,2.2250,2.2250,2.2200,0.0000,2.2200,2.2200,-10.2400,-10.2400,-10.2400,-10.2400,-10.2400,-10.2400,-10.2400,-10.2400
2025-06-15_05:00:53.606,1,1,1,1,2.2250,2.2250,2.2250,2.2250,2.2200,0.0000,2.2200,2.2200,-10.2400,-10.2400,-10.2400,-10.2400,-10.2400,-10.2400,-10.2400,-10.2400
2025-06-15_05:00:54.609,1,1,1,1,2.2250,2.2250,2.2250,2.2250,2.2200,0.0000,2.2200,2.2200,-10.2400,-10.2400,-10.2400,-10.2400,-10.2400,-10.2400,-10.2400,-10.2400
2025-06-15_05:00:55.613,1,1,1,1,2.2250,2.2250,2.2250,2.2250,2.2200,0.0000,2.2200,2.2200,-10.2400,-10.2400,-10.2400,-10.2400,-10.2400,-10.2400,-10.2400,-10.2400
2025-06-15_05:00:56.616,1,1,1,1,2.2250,2.2250,2.2200,2.2250,2.2200,0.0000,2.2200,2.2200,-10.2400,-10.2400,-10.2400,-10.2400,-10.2400,-10.2400,-10.2400,-10.2400
2025-06-15_05:00:57.620,1,1,1,1,2.2250,2.2250,2.2250,2.2250,2.2200,0.0000,2.2200,2.2200,-10.2400,-10.2400,-10.2400,-10.2400,-10.2400,-10.2400,-10.2400,-10.2400
2025-06-15_05:00:58.628,1,1,1,1,2.2250,2.2250,2.2200,2.2250,2.2200,0.0000,2.2200,2.2200,-10.2400,-10.2400,-10.2400,-10.2400,-10.2400,-10.2400,-10.2400,-10.2400
2025-06-15_05:00:59.633,1,1,1,1,2.2250,2.2250,2.2250,2.2250,2.2200,0.0000,2.2200,2.2200,-10.2400,-10.2400,-10.2400,-10.2400,-10.2400,-10.2400,-10.2400,-10.2400
2025-06-15_05:01:00.637,1,1,1,1,2.2250,2.2250,2.2250,2.2250,2.2200,0.0000,2.2200,2.2200,-10.2400,-10.2400,-10.2400,-10.2400,-10.2400,-10.2400,-10.2400,-10.2400
2025-06-15_05:01:01.641,1,1,1,1,2.2250,2.2250,2.2250,2.2250,2.2200,0.0000,2.2200,2.2200,-10.2400,-10.2400,-10.2400,-10.2400,-10.2400,-10.2400,-10.2400,-10.2400
2025-06-15_05:01:02.646,1,1,1,1,2.2250,2.2250,2.2250,2.2250,2.2200,0.0000,2.2200,2.2200,-10.2400,-10.2400,-10.2400,-10.2400,-10.2400,-10.2400,-10.2400,-10.2400
2025-06-15_05:01:03.650,1,1,1,1,2.2250,2.2250,2.2250,2.2250,2.2200,0.0000,2.2200,2.2200,-10.2400,-10.2400,-10.2400,-10.2400,-10.2400,-10.2400,-10.2400,-10.2400
2025-06-15_05:01:04.653,1,1,1,1,2.2200,2.2250,2.2250,2.2250,2.2200,0.0000,2.2200,2.2200,-10.2400,-10.2400,-10.2400,-10.2400,-10.2400,-10.2400,-10.2400,-10.2400
2025-06-15_05:01:05.658,1,1,1,1,2.2200,2.2250,2.2250,2.2250,2.2200,0.0000,2.2200,2.2200,-10.2400,-10.2400,-10.2400,-10.2400,-10.2400,-10.2400,-10.2400,-10.2400
2025-06-15_05:01:06.662,1,1,1,1,2.2200,2.2250,2.2250,2.2250,2.2200,0.0000,2.2200,2.2200,-10.2400,-10.2400,-10.2400,-10.2400,-10.2400,-10.2400,-10.2400,-10.2400
2025-06-15_05:01:07.666,1,1,1,1,2.2250,2.2250,2.2250,2.2250,2.2200,0.0000,2.2200,2.2200,-10.2400,-10.2400,-10.2400,-10.2400,-10.2400,-10.2400,-10.2400,-10.2400
2025-06-15_05:01:08.671,1,1,1,1,2.2250,2.2250,2.2250,2.2250,2.2200,0.0000,2.2200,2.2200,-10.2400,-10.2400,-10.2400,-10.2400,-10.2400,-10.2400,-10.2400,-10.2400
2025-06-15_05:01:09.675,1,1,1,1,2.2250,2.2250,2.2250,2.2250,2.2200,0.0000,2.2200,2.2200,-10.2400,-10.2400,-10.2400,-10.2400,-10.2400,-10.2400,-10.2400,-10.2400
2025-06-15_05:01:10.679,1,1,1,1,2.2250,2.2250,2.2250,2.2250,2.2200,0.0000,2.2200,2.2200,-10.2400,-10.2400,-10.2400,-10.2400,-10.2400,-10.2400,-10.2400,-10.2400
2025-06-15_05:01:11.683,1,1,1,1,2.2250,2.2250,2.2250,2.2250,2.2200,0.0000,2.2200,2.2200,-10.2400,-10.2400,-10.2400,-10.2400,-10.2400,-10.2400,-10.2400,-10.2400
2025-06-15_05:01:12.688,1,1,1,1,2.2250,2.2250,2.2250,2.2250,2.2200,0.0000,2.2200,2.2200,-10.2400,-10.2400,-10.2400,-10.2400,-10.2400,-10.2400,-10.2400,-10.2400
2025-06-15_05:01:13.692,1,1,1,1,2.2200,2.2250,2.2250,2.2250,2.2200,0.0000,2.2200,2.2200,-10.2400,-10.2400,-10.2400,-10.2400,-10.2400,-10.2400,-10.2400,-10.2400
2025-06-15_05:01:14.696,1,1,1,1,2.2250,2.2250,2.2250,2.2250,2.2200,0.0000,2.2200,2.2200,-10.2400,-10.2400,-10.2400,-10.2400,-10.2400,-10.2400,-10.2400,-10.2400
2025-06-15_05:01:15.699,1,1,1,1,2.2250,2.2250,2.2250,2.2250,2.2200,0.0000,2.2200,2.2200,-10.2400,-10.2400,-10.2400,-10.2400,-10.2400,-10.2400,-10.2400,-10.2400
2025-06-15_05:01:16.702,1,1,1,1,2.2250,2.2250,2.2250,2.2250,2.2200,0.0000,2.2200,2.2200,-10.2400,-10.2400,-10.2400,-10.2400,-10.2400,-10.2400,-10.2400,-10.2400
2025-06-15_05:01:17.706,1,1,1,1,2.2250,2.2250,2.2250,2.2250,2.2200,0.0000,2.2200,2.2200,-10.2400,-10.2400,-10.2400,-10.2400,-10.2400,-10.2400,-10.2400,-10.2400
2025-06-15_05:01:18.711,1,1,1,1,2.2250,2.2250,2.2250,2.2250,2.2200,0.0000,2.2200,2.2200,-10.2400,-10.2400,-10.2400,-10.2400,-10.2400,-10.2400,-10.2400,-10.2400
2025-06-15_05:01:19.715,1,1,1,1,2.2250,2.2250,2.2250,2.2250,2.2200,0.0000,2.2200,2.2200,-10.2400,-10.2400,-10.2400,-10.2400,-10.2400,-10.2400,-10.2400,-10.2400
2025-06-15_05:01:20.719,1,1,1,1,2.2250,2.2250,2.2250,2.2250,2.2200,0.0000,2.2200,2.2200,-10.2400,-10.2400,-10.2400,-10.2400,-10.2400,-10.2400,-10.2400,-10.2400
2025-06-15_05:01:21.724,1,1,1,1,2.2250,2.2250,2.2250,2.2250,2.2200,0.0000,2.2200,2.2200,-10.2400,-10.2400,-10.2400,-10.2400,-10.2400,-10.2400,-10.2400,-10.2400
2025-06-15_05:01:22.728,1,1,1,1,2.2250,2.2250,2.2250,2.2250,2.2200,0.0000,2.2200,2.2200,-10.2400,-10.2400,-10.2400,-10.2400,-10.2400,-10.2400,-10.2400,-10.2400
2025-06-15_05:01:23.732,1,1,1,1,2.2250,2.2250,2.2250,2.2250,2.2200,0.0000,2.2200,2.2200,-10.2400,-10.2400,-10.2400,-10.2400,-10.2400,-10.2400,-10.2400,-10.2400
2025-06-15_05:01:24.736,1,1,1,1,2.2250,2.2250,2.2250,2.2250,2.2200,0.0000,2.2200,2.2200,-10.2400,-10.2400,-10.2400,-10.2400,-10.2400,-10.2400,-10.2400,-10.2400
2025-06-15_05:01:25.740,1,1,1,1,2.2250,2.2250,2.2250,2.2250,2.2200,0.0000,2.2200,2.2200,-10.2400,-10.2400,-10.2400,-10.2400,-10.2400,-10.2400,-10.2400,-10.2400
2025-06-15_05:01:26.745,1,1,1,1,2.2250,2.2250,2.2250,2.2250,2.2200,0.0000,2.2200,2.2200,-10.2400,-10.2400,-10.2400,-10.2400,-10.2400,-10.2400,-10.2400,-10.2400
2025-06-15_05:01:27.749,1,1,1,1,2.2250,2.2250,2.2250,2.2250,2.2200,0.0000,2.2200,2.2200,-10.2400,-10.2400,-10.2400,-10.2400,-10.2400,-10.2400,-10.2400,-10.2400
2025-06-15_05:01:28.754,1,1,1,1,2.2250,2.2250,2.2250,2.2250,2.2200,0.0000,2.2200,2.2200,-10.2400,-10.2400,-10.2400,-10.2400,-10.2400,-10.2400,-10.2400,-10.2400
2025-06-15_05:01:29.759,1,1,1,1,2.2250,2.2250,2.2250,2.2250,2.2200,0.0000,2.2200,2.2200,-10.2400,-10.2400,-10.2400,-10.2400,-10.2400,-10.2400,-10.2400,-10.2400
2025-06-15_05:01:30.763,1,1,1,1,2.2250,2.2250,2.2250,2.2250,2.2200,0.0000,2.2200,2.2200,-10.2400,-10.2400,-10.2400,-10.2400,-10.2400,-10.2400,-10.2400,-10.2400
2025-06-15_05:01:31.767,1,1,1,1,2.2250,2.2250,2.2250,2.2250,2.2200,0.0000,2.2200,2.2200,-10.2400,-10.2400,-10.2400,-10.2400,-10.2400,-10.2400,-10.2400,-10.2400
2025-06-15_05:01:32.771,1,1,1,1,2.2250,2.2250,2.2250,2.2250,2.2200,0.0000,2.2200,2.2200,-10.2400,-10.2400,-10.2400,-10.2400,-10.2400,-10.2400,-10.2400,-10.2400
2025-06-15_05:01:33.775,1,1,1,1,2.2250,2.2250,2.2250,2.2250,2.2200,0.0000,2.2200,2.2200,-10.2400,-10.2400,-10.2400,-10.2400,-10.2400,-10.2400,-10.2400,-10.2400
2025-06-15_05:01:34.779,1,1,1,1,2.2250,2.2250,2.2250,2.2250,2.2200,0.0000,2.2200,2.2200,-10.2400,-10.2400,-10.2400,-10.2400,-10.2400,-10.2400,-10.2400,-10.2400
2025-06-15_05:01:35.783,1,1,1,1,2.2250,2.2250,2.2250,2.2250,2.2200,0.0000,2.2200,2.2200,-10.2400,-10.2400,-10.2400,-10.2400,-10.2400,-10.2400,-10.2400,-10.2400
2025-06-15_05:01:36.786,1,1,1,1,2.2250,2.2250,2.2250,2.2250,2.2200,0.0000,2.2200,2.2200,-10.2400,-10.2400,-10.2400,-10.2400,-10.2400,-10.2400,-10.2400,-10.2400
2025-06-15_05:01:37.790,1,1,1,1,2.2250,2.2250,2.2250,2.2250,2.2200,0.0000,2.2200,2.2200,-10.2400,-10.2400,-10.2400,-10.2400,-10.2400,-10.2400,-10.2400,-10.2400
2025-06-15_05:01:38.795,1,1,1,1,2.2250,2.2250,2.2250,2.2250,2.2200,0.0000,2.2200,2.2200,-10.2400,-10.2400,-10.2400,-10.2400,-10.2400,-10.2400,-10.2400,-10.2400
2025-06-15_05:01:39.799,1,1,1,1,2.2200,2.2250,2.2250,2.2250,2.2200,0.0000,2.2200,2.2200,-10.2400,-10.2400,-10.2400,-10.2400,-10.2400,-10.2400,-10.2400,-10.2400
2025-06-15_05:01:40.804,1,1,1,1,2.2200,2.2250,2.2250,2.2250,2.2200,0.0000,2.2200,2.2200,-10.2400,-10.2400,-10.2400,-10.2400,-10.2400,-10.2400,-10.2400,-10.2400
2025-06-15_05:01:41.808,1,1,1,1,2.2250,2.2250,2.2250,2.2250,2.2200,0.0000,2.2200,2.2200,-10.2400,-10.2400,-10.2400,-10.2400,-10.2400,-10.2400,-10.2400,-10.2400
2025-06-15_05:01:42.813,1,1,1,1,2.2250,2.2250,2.2250,2.2250,2.2200,0.0000,2.2200,2.2200,-10.2400,-10.2400,-10.2400,-10.2400,-10.2400,-10.2400,-10.2400,-10.2400
2025-06-15_05:01:43.819,1,1,1,1,2.2250,2.2250,2.2250,2.2250,2.2200,0.0000,2.2200,2.2200,-10.2400,-10.2400,-10.2400,-10.2400,-10.2400,-10.2400,-10.2400,-10.2400
2025-06-15_05:01:44.823,1,1,1,1,2.2250,2.2250,2.2250,2.2250,2.2200,0.0000,2.2200,2.2200,-10.2400,-10.2400,-10.2400,-10.2400,-10.2400,-10.2400,-10.2400,-10.2400
2025-06-15_05:01:45.828,1,1,1,1,2.2250,2.2250,2.2250,2.2250,2.2200,0.0000,2.2200,2.2200,-10.2400,-10.2400,-10.2400,-10.2400,-10.2400,-10.2400,-10.2400,-10.2400
2025-06-15_05:01:46.832,1,1,1,1,2.2250,2.2250,2.2250,2.2250,2.2200,0.0000,2.2200,2.2200,-10.2400,-10.2400,-10.2400,-10.2400,-10.2400,-10.2400,-10.2400,-10.2400
2025-06-15_05:01:47.837,1,1,1,1,2.2250,2.2250,2.2250,2.2250,2.2200,0.0000,2.2200,2.2200,-10.2400,-10.2400,-10.2400,-10.2400,-10.2400,-10.2400,-10.2400,-10.2400
2025-06-15_05:01:48.842,1,1,1,1,2.2250,2.2250,2.2250,2.2250,2.2200,0.0000,2.2200,2.2200,-10.2400,-10.2400,-10.2400,-10.2400,-10.2400,-10.2400,-10.2400,-10.2400
2025-06-15_05:01:49.847,1,1,1,1,2.2250,2.2250,2.2250,2.2250,2.2200,0.0000,2.2200,2.2200,-10.2400,-10.2400,-10.2400,-10.2400,-10.2400,-10.2400,-10.2400,-10.2400
2025-06-15_05:01:50.851,1,1,1,1,2.2250,2.2250,2.2250,2.2250,2.2200,0.0000,2.2200,2.2200,-10.2400,-10.2400,-10.2400,-10.2400,-10.2400,-10.2400,-10.2400,-10.2400
2025-06-15_05:01:51.855,1,1,1,1,2.2200,2.2250,2.2250,2.2250,2.2200,0.0000,2.2200,2.2200,-10.2400,-10.2400,-10.2400,-10.2400,-10.2400,-10.2400,-10.2400,-10.2400
2025-06-15_05:01:52.859,1,1,1,1,2.2250,2.2250,2.2250,2.2250,2.2200,0.0000,2.2200,2.2200,-10.2400,-10.2400,-10.2400,-10.2400,-10.2400,-10.2400,-10.2400,-10.2400
2025-06-15_05:01:53.862,1,1,1,1,2.2250,2.2250,2.2250,2.2250,2.2200,0.0000,2.2200,2.2200,-10.2400,-10.2400,-10.2400,-10.2400,-10.2400,-10.2400,-10.2400,-10.2400
2025-06-15_05:01:54.866,1,1,1,1,2.2250,2.2250,2.2250,2.2250,2.2200,0.0000,2.2200,2.2200,-10.2400,-10.2400,-10.2400,-10.2400,-10.2400,-10.2400,-10.2400,-10.2400
2025-06-15_05:01:55.869,1,1,1,1,2.2250,2.2250,2.2250,2.2250,2.2200,0.0000,2.2200,2.2200,-10.2400,-10.2400,-10.2400,-10.2400,-10.2400,-10.2400,-10.2400,-10.2400
2025-06-15_05:01:56.872,1,1,1,1,2.2250,2.2250,2.2250,2.2250,2.2200,0.0000,2.2200,2.2200,-10.2400,-10.2400,-10.2400,-10.2400,-10.2400,-10.2400,-10.2400,-10.2400
2025-06-15_05:01:57.876,1,1,1,1,2.2250,2.2250,2.2250,2.2250,2.2200,0.0000,2.2200,2.2200,-10.2400,-10.2400,-10.2400,-10.2400,-10.2400,-10.2400,-10.2400,-10.2400
2025-06-15_05:01:58.880,1,1,1,1,2.2250,2.2250,2.2250,2.2250,2.2200,0.0000,2.2200,2.2200,-10.2400,-10.2400,-10.2400,-10.2400,-10.2400,-10.2400,-10.2400,-10.2400
2025-06-15_05:01:59.885,1,1,1,1,2.2250,2.2250,2.2250,2.2250,2.2200,0.0000,2.2200,2.2200,-10.2400,-10.2400,-10.2400,-10.2400,-10.2400,-10.2400,-10.2400,-10.2400
2025-06-15_05:02:00.890,1,1,1,1,2.2250,2.2250,2.2250,2.2250,2.2200,0.0000,2.2200,2.2200,-10.2400,-10.2400,-10.2400,-10.2400,-10.2400,-10.2400,-10.2400,-10.2400
2025-06-15_05:02:01.893,1,1,1,1,2.2250,2.2250,2.2250,2.2250,2.2200,0.0000,2.2200,2.2200,-10.2400,-10.2400,-10.2400,-10.2400,-10.2400,-10.2400,-10.2400,-10.2400
2025-06-15_05:02:02.896,1,1,1,1,2.2250,2.2250,2.2250,2.2250,2.2200,0.0000,2.2200,2.2200,-10.2400,-10.2400,-10.2400,-10.2400,-10.2400,-10.2400,-10.2400,-10.2400
2025-06-15_05:02:03.899,1,1,1,1,2.2250,2.2250,2.2250,2.2250,2.2200,0.0000,2.2200,2.2200,-10.2400,-10.2400,-10.2400,-10.2400,-10.2400,-10.2400,-10.2400,-10.2400
2025-06-15_05:02:04.902,1,1,1,1,2.2250,2.2250,2.2250,2.2250,2.2200,0.0000,2.2200,2.2200,-10.2400,-10.2400,-10.2400,-10.2400,-10.2400,-10.2400,-10.2400,-10.2400
2025-06-15_05:02:05.905,1,1,1,1,2.2250,2.2250,2.2250,2.2250,2.2200,0.0000,2.2200,2.2200,-10.2400,-10.2400,-10.2400,-10.2400,-10.2400,-10.2400,-10.2400,-10.2400
2025-06-15_05:02:06.910,1,1,1,1,2.2250,2.2250,2.2250,2.2250,2.2200,0.0000,2.2200,2.2200,-10.2400,-10.2400,-10.2400,-10.2400,-10.2400,-10.2400,-10.2400,-10.2400
2025-06-15_05:02:07.914,1,1,1,1,2.2250,2.2250,2.2250,2.2250,2.2200,0.0000,2.2200,2.2200,-10.2400,-10.2400,-10.2400,-10.2400,-10.2400,-10.2400,-10.2400,-10.2400
2025-06-15_05:02:08.918,1,1,1,1,2.2250,2.2250,2.2250,2.2250,2.2200,0.0000,2.2200,2.2200,-10.2400,-10.2400,-10.2400,-10.2400,-10.2400,-10.2400,-10.2400,-10.2400
2025-06-15_05:02:09.922,1,1,1,1,2.2200,2.2250,2.2250,2.2250,2.2200,0.0000,2.2200,2.2200,-10.2400,-10.2400,-10.2400,-10.2400,-10.2400,-10.2400,-10.2400,-10.2400
2025-06-15_05:02:10.926,1,1,1,1,2.2250,2.2250,2.2250,2.2250,2.2200,0.0000,2.2200,2.2200,-10.2400,-10.2400,-10.2400,-10.2400,-10.2400,-10.2400,-10.2400,-10.2400
2025-06-15_05:02:11.931,1,1,1,1,2.2250,2.2250,2.2250,2.2250,2.2200,0.0000,2.2200,2.2200,-10.2400,-10.2400,-10.2400,-10.2400,-10.2400,-10.2400,-10.2400,-10.2400
2025-06-15_05:02:12.935,1,1,1,1,2.2200,2.2250,2.2250,2.2250,2.2200,0.0000,2.2200,2.2200,-10.2400,-10.2400,-10.2400,-10.2400,-10.2400,-10.2400,-10.2400,-10.2400
2025-06-15_05:02:13.939,1,1,1,1,2.2200,2.2250,2.2250,2.2250,2.2200,0.0000,2.2200,2.2200,-10.2400,-10.2400,-10.2400,-10.2400,-10.2400,-10.2400,-10.2400,-10.2400
2025-06-15_05:02:14.943,1,1,1,1,2.2200,2.2250,2.2250,2.2250,2.2200,0.0000,2.2200,2.2200,-10.2400,-10.2400,-10.2400,-10.2400,-10.2400,-10.2400,-10.2400,-10.2400
2025-06-15_05:02:15.948,1,1,1,1,2.2200,2.2250,2.2250,2.2250,2.2200,0.0000,2.2200,2.2200,-10.2400,-10.2400,-10.2400,-10.2400,-10.2400,-10.2400,-10.2400,-10.2400
2025-06-15_05:02:16.953,1,1,1,1,2.2250,2.2250,2.2250,2.2250,2.2200,0.0000,2.2200,2.2200,-10.2400,-10.2400,-10.2400,-10.2400,-10.2400,-10.2400,-10.2400,-10.2400
2025-06-15_05:02:17.958,1,1,1,1,2.2200,2.2250,2.2250,2.2250,2.2200,0.0000,2.2200,2.2200,-10.2400,-10.2400,-10.2400,-10.2400,-10.2400,-10.2400,-10.2400,-10.2400
2025-06-15_05:02:18.962,1,1,1,1,2.2250,2.2250,2.2250,2.2250,2.2200,0.0000,2.2200,2.2200,-10.2400,-10.2400,-10.2400,-10.2400,-10.2400,-10.2400,-10.2400,-10.2400
2025-06-15_05:02:19.965,1,1,1,1,2.2250,2.2250,2.2250,2.2250,2.2200,0.0000,2.2200,2.2200,-10.2400,-10.2400,-10.2400,-10.2400,-10.2400,-10.2400,-10.2400,-10.2400
2025-06-15_05:02:20.970,1,1,1,1,2.2250,2.2250,2.2250,2.2250,2.2200,0.0000,2.2200,2.2200,-10.2400,-10.2400,-10.2400,-10.2400,-10.2400,-10.2400,-10.2400,-10.2400
2025-06-15_05:02:21.975,1,1,1,1,2.2250,2.2250,2.2250,2.2250,2.2200,0.0000,2.2200,2.2200,-10.2400,-10.2400,-10.2400,-10.2400,-10.2400,-10.2400,-10.2400,-10.2400
2025-06-15_05:02:22.980,1,1,1,1,2.2200,2.2250,2.2250,2.2250,2.2200,0.0000,2.2200,2.2200,-10.2400,-10.2400,-10.2400,-10.2400,-10.2400,-10.2400,-10.2400,-10.2400
2025-06-15_05:02:23.985,1,1,1,1,2.2200,2.2250,2.2250,2.2250,2.2200,0.0000,2.2200,2.2200,-10.2400,-10.2400,-10.2400,-10.2400,-10.2400,-10.2400,-10.2400,-10.2400
2025-06-15_05:02:24.989,1,1,1,1,2.2250,2.2250,2.2250,2.2250,2.2200,0.0000,2.2200,2.2200,-10.2400,-10.2400,-10.2400,-10.2400,-10.2400,-10.2400,-10.2400,-10.2400
2025-06-15_05:02:25.994,1,1,1,1,2.2250,2.2250,2.2250,2.2250,2.2200,0.0000,2.2200,2.2200,-10.2400,-10.2400,-10.2400,-10.2400,-10.2400,-10.2400,-10.2400,-10.2400
2025-06-15_05:02:26.998,1,1,1,1,2.2250,2.2250,2.2250,2.2250,2.2200,0.0000,2.2200,2.2200,-10.2400,-10.2400,-10.2400,-10.2400,-10.2400,-10.2400,-10.2400,-10.2400
2025-06-15_05:02:28.002,1,1,1,1,2.2200,2.2250,2.2250,2.2250,2.2200,0.0000,2.2200,2.2200,-10.2400,-10.2400,-10.2400,-10.2400,-10.2400,-10.2400,-10.2400,-10.2400
2025-06-15_05:02:29.006,1,1,1,1,2.2250,2.2250,2.2250,2.2250,2.2200,0.0000,2.2200,2.2200,-10.2400,-10.2400,-10.2400,-10.2400,-10.2400,-10.2400,-10.2400,-10.2400
2025-06-15_05:02:30.011,1,1,1,1,2.2250,2.2250,2.2250,2.2250,2.2200,0.0000,2.2200,2.2200,-10.2400,-10.2400,-10.2400,-10.2400,-10.2400,-10.2400,-10.2400,-10.2400
2025-06-15_05:02:31.015,1,1,1,1,2.2200,2.2250,2.2250,2.2250,2.2200,0.0000,2.2200,2.2200,-10.2400,-10.2400,-10.2400,-10.2400,-10.2400,-10.2400,-10.2400,-10.2400
2025-06-15_05:02:32.020,1,1,1,1,2.2250,2.2250,2.2250,2.2250,2.2200,0.0000,2.2200,2.2200,-10.2400,-10.2400,-10.2400,-10.2400,-10.2400,-10.2400,-10.2400,-10.2400
2025-06-15_05:02:33.027,1,1,1,1,2.2250,2.2250,2.2250,2.2250,2.2200,0.0000,2.2200,2.2200,-10.2400,-10.2400,-10.2400,-10.2400,-10.2400,-10.2400,-10.2400,-10.2400
2025-06-15_05:02:34.031,1,1,1,1,2.2250,2.2250,2.2250,2.2250,2.2200,0.0000,2.2200,2.2200,-10.2400,-10.2400,-10.2400,-10.2400,-10.2400,-10.2400,-10.2400,-10.2400
2025-06-15_05:02:35.035,1,1,1,1,2.2250,2.2250,2.2250,2.2250,2.2200,0.0000,2.2200,2.2200,-10.2400,-10.2400,-10.2400,-10.2400,-10.2400,-10.2400,-10.2400,-10.2400
2025-06-15_05:02:36.040,1,1,1,1,2.2200,2.2250,2.2250,2.2250,2.2200,0.0000,2.2200,2.2200,-10.2400,-10.2400,-10.2400,-10.2400,-10.2400,-10.2400,-10.2400,-10.2400
2025-06-15_05:02:37.045,1,1,1,1,2.2250,2.2250,2.2250,2.2250,2.2200,0.0000,2.2200,2.2200,-10.2400,-10.2400,-10.2400,-10.2400,-10.2400,-10.2400,-10.2400,-10.2400
2025-06-15_05:02:38.049,1,1,1,1,2.2200,2.2250,2.2250,2.2250,2.2200,0.0000,2.2200,2.2200,-10.2400,-10.2400,-10.2400,-10.2400,-10.2400,-10.2400,-10.2400,-10.2400
2025-06-15_05:02:39.053,1,1,1,1,2.2250,2.2250,2.2250,2.2250,2.2200,0.0000,2.2200,2.2200,-10.2400,-10.2400,-10.2400,-10.2400,-10.2400,-10.2400,-10.2400,-10.2400
2025-06-15_05:02:40.057,1,1,1,1,2.2250,2.2250,2.2250,2.2250,2.2200,0.0000,2.2200,2.2200,-10.2400,-10.2400,-10.2400,-10.2400,-10.2400,-10.2400,-10.2400,-10.2400
2025-06-15_05:02:41.062,1,1,1,1,2.2250,2.2250,2.2200,2.2250,2.2200,0.0000,2.2200,2.2200,-10.2400,-10.2400,-10.2400,-10.2400,-10.2400,-10.2400,-10.2400,-10.2400
2025-06-15_05:02:42.066,1,1,1,1,2.2250,2.2250,2.2250,2.2250,2.2200,0.0000,2.2200,2.2200,-10.2400,-10.2400,-10.2400,-10.2400,-10.2400,-10.2400,-10.2400,-10.2400
2025-06-15_05:02:43.071,1,1,1,1,2.2200,2.2250,2.2250,2.2250,2.2200,0.0000,2.2200,2.2200,-10.2400,-10.2400,-10.2400,-10.2400,-10.2400,-10.2400,-10.2400,-10.2400
2025-06-15_05:02:44.075,1,1,1,1,2.2250,2.2250,2.2250,2.2250,2.2200,0.0000,2.2200,2.2200,-10.2400,-10.2400,-10.2400,-10.2400,-10.2400,-10.2400,-10.2400,-10.2400
2025-06-15_05:02:45.080,1,1,1,1,2.2250,2.2250,2.2250,2.2250,2.2200,0.0000,2.2200,2.2200,-10.2400,-10.2400,-10.2400,-10.2400,-10.2400,-10.2400,-10.2400,-10.2400
2025-06-15_05:02:46.085,1,1,1,1,2.2250,2.2250,2.2250,2.2250,2.2200,0.0000,2.2200,2.2200,-10.2400,-10.2400,-10.2400,-10.2400,-10.2400,-10.2400,-10.2400,-10.2400
2025-06-15_05:02:47.089,1,1,1,1,2.2250,2.2250,2.2250,2.2250,2.2200,0.0000,2.2200,2.2200,-10.2400,-10.2400,-10.2400,-10.2400,-10.2400,-10.2400,-10.2400,-10.2400
2025-06-15_05:02:48.093,1,1,1,1,2.2200,2.2250,2.2250,2.2250,2.2200,0.0000,2.2200,2.2200,-10.2400,-10.2400,-10.2400,-10.2400,-10.2400,-10.2400,-10.2400,-10.2400
2025-06-15_05:02:49.097,1,1,1,1,2.2250,2.2250,2.2250,2.2250,2.2200,0.0000,2.2200,2.2200,-10.2400,-10.2400,-10.2400,-10.2400,-10.2400,-10.2400,-10.2400,-10.2400
2025-06-15_05:02:50.102,1,1,1,1,2.2200,2.2250,2.2250,2.2250,2.2200,0.0000,2.2200,2.2200,-10.2400,-10.2400,-10.2400,-10.2400,-10.2400,-10.2400,-10.2400,-10.2400
2025-06-15_05:02:51.105,1,1,1,1,2.2250,2.2250,2.2250,2.2250,2.2200,0.0000,2.2200,2.2200,-10.2400,-10.2400,-10.2400,-10.2400,-10.2400,-10.2400,-10.2400,-10.2400
2025-06-15_05:02:52.110,1,1,1,1,2.2250,2.2250,2.2250,2.2250,2.2200,0.0000,2.2200,2.2200,-10.2400,-10.2400,-10.2400,-10.2400,-10.2400,-10.2400,-10.2400,-10.2400
2025-06-15_05:02:53.115,1,1,1,1,2.2200,2.2250,2.2250,2.2250,2.2200,0.0000,2.2200,2.2200,-10.2400,-10.2400,-10.2400,-10.2400,-10.2400,-10.2400,-10.2400,-10.2400
2025-06-15_05:02:54.119,1,1,1,1,2.2250,2.2250,2.2250,2.2250,2.2200,0.0000,2.2200,2.2200,-10.2400,-10.2400,-10.2400,-10.2400,-10.2400,-10.2400,-10.2400,-10.2400
2025-06-15_05:02:55.123,1,1,1,1,2.2200,2.2250,2.2250,2.2250,2.2200,0.0000,2.2200,2.2200,-10.2400,-10.2400,-10.2400,-10.2400,-10.2400,-10.2400,-10.2400,-10.2400
2025-06-15_05:02:56.128,1,1,1,1,2.2250,2.2250,2.2250,2.2250,2.2200,0.0000,2.2200,2.2200,-10.2400,-10.2400,-10.2400,-10.2400,-10.2400,-10.2400,-10.2400,-10.2400
2025-06-15_05:02:57.131,1,1,1,1,2.2200,2.2250,2.2250,2.2250,2.2200,0.0000,2.2200,2.2200,-10.2400,-10.2400,-10.2400,-10.2400,-10.2400,-10.2400,-10.2400,-10.2400
2025-06-15_05:02:58.135,1,1,1,1,2.2200,2.2250,2.2250,2.2250,2.2200,0.0000,2.2200,2.2200,-10.2400,-10.2400,-10.2400,-10.2400,-10.2400,-10.2400,-10.2400,-10.2400
2025-06-15_05:02:59.139,1,1,1,1,2.2200,2.2250,2.2250,2.2250,2.2200,0.0000,2.2200,2.2200,-10.2400,-10.2400,-10.2400,-10.2400,-10.2400,-10.2400,-10.2400,-10.2400
2025-06-15_05:03:00.143,1,1,1,1,2.2250,2.2250,2.2250,2.2250,2.2200,0.0000,2.2200,2.2200,-10.2400,-10.2400,-10.2400,-10.2400,-10.2400,-10.2400,-10.2400,-10.2400
2025-06-15_05:03:01.148,1,1,1,1,2.2250,2.2250,2.2250,2.2250,2.2200,0.0000,2.2200,2.2200,-10.2400,-10.2400,-10.2400,-10.2400,-10.2400,-10.2400,-10.2400,-10.2400
2025-06-15_05:03:02.154,1,1,1,1,2.2250,2.2250,2.2250,2.2250,2.2200,0.0000,2.2200,2.2200,-10.2400,-10.2400,-10.2400,-10.2400,-10.2400,-10.2400,-10.2400,-10.2400
2025-06-15_05:03:03.157,1,1,1,1,2.2250,2.2250,2.2250,2.2250,2.2200,0.0000,2.2200,2.2200,-10.2400,-10.2400,-10.2400,-10.2400,-10.2400,-10.2400,-10.2400,-10.2400
2025-06-15_05:03:04.162,1,1,1,1,2.2200,2.2250,2.2250,2.2250,2.2200,0.0000,2.2200,2.2200,-10.2400,-10.2400,-10.2400,-10.2400,-10.2400,-10.2400,-10.2400,-10.2400
2025-06-15_05:03:05.166,1,1,1,1,2.2200,2.2250,2.2250,2.2250,2.2200,0.0000,2.2200,2.2200,-10.2400,-10.2400,-10.2400,-10.2400,-10.2400,-10.2400,-10.2400,-10.2400
2025-06-15_05:03:06.171,1,1,1,1,2.2250,2.2250,2.2250,2.2250,2.2200,0.0000,2.2200,2.2200,-10.2400,-10.2400,-10.2400,-10.2400,-10.2400,-10.2400,-10.2400,-10.2400
2025-06-15_05:03:07.176,1,1,1,1,2.2250,2.2250,2.2250,2.2250,2.2200,0.0000,2.2200,2.2200,-10.2400,-10.2400,-10.2400,-10.2400,-10.2400,-10.2400,-10.2400,-10.2400
2025-06-15_05:03:08.182,1,1,1,1,2.2250,2.2250,2.2250,2.2250,2.2200,0.0000,2.2200,2.2200,-10.2400,-10.2400,-10.2400,-10.2400,-10.2400,-10.2400,-10.2400,-10.2400
2025-06-15_05:03:09.188,1,1,1,1,2.2250,2.2250,2.2250,2.2250,2.2200,0.0000,2.2200,2.2200,-10.2400,-10.2400,-10.2400,-10.2400,-10.2400,-10.2400,-10.2400,-10.2400
2025-06-15_05:03:10.192,1,1,1,1,2.2250,2.2250,2.2250,2.2250,2.2200,0.0000,2.2200,2.2200,-10.2400,-10.2400,-10.2400,-10.2400,-10.2400,-10.2400,-10.2400,-10.2400
2025-06-15_05:03:11.196,1,1,1,1,2.2200,2.2250,2.2250,2.2250,2.2200,0.0000,2.2200,2.2200,-10.2400,-10.2400,-10.2400,-10.2400,-10.2400,-10.2400,-10.2400,-10.2400
2025-06-15_05:03:12.200,1,1,1,1,2.2200,2.2250,2.2250,2.2250,2.2200,0.0000,2.2200,2.2200,-10.2400,-10.2400,-10.2400,-10.2400,-10.2400,-10.2400,-10.2400,-10.2400
2025-06-15_05:03:13.204,1,1,1,1,2.2250,2.2250,2.2250,2.2250,2.2200,0.0000,2.2200,2.2200,-10.2400,-10.2400,-10.2400,-10.2400,-10.2400,-10.2400,-10.2400,-10.2400
2025-06-15_05:03:14.208,1,1,1,1,2.2250,2.2250,2.2250,2.2250,2.2200,0.0000,2.2200,2.2200,-10.2400,-10.2400,-10.2400,-10.2400,-10.2400,-10.2400,-10.2400,-10.2400
2025-06-15_05:03:15.211,1,1,1,1,2.2200,2.2250,2.2250,2.2250,2.2200,0.0000,2.2200,2.2200,-10.2400,-10.2400,-10.2400,-10.2400,-10.2400,-10.2400,-10.2400,-10.2400
2025-06-15_05:03:16.214,1,1,1,1,2.2250,2.2250,2.2250,2.2250,2.2200,0.0000,2.2200,2.2200,-10.2400,-10.2400,-10.2400,-10.2400,-10.2400,-10.2400,-10.2400,-10.2400
2025-06-15_05:03:17.218,1,1,1,1,2.2250,2.2250,2.2250,2.2250,2.2200,0.0000,2.2200,2.2200,-10.2400,-10.2400,-10.2400,-10.2400,-10.2400,-10.2400,-10.2400,-10.2400
2025-06-15_05:03:18.221,1,1,1,1,2.2250,2.2250,2.2250,2.2250,2.2200,0.0000,2.2200,2.2200,-10.2400,-10.2400,-10.2400,-10.2400,-10.2400,-10.2400,-10.2400,-10.2400
2025-06-15_05:03:19.225,1,1,1,1,2.2250,2.2250,2.2250,2.2250,2.2200,0.0000,2.2200,2.2200,-10.2400,-10.2400,-10.2400,-10.2400,-10.2400,-10.2400,-10.2400,-10.2400
2025-06-15_05:03:20.229,1,1,1,1,2.2250,2.2250,2.2250,2.2250,2.2200,0.0000,2.2200,2.2200,-10.2400,-10.2400,-10.2400,-10.2400,-10.2400,-10.2400,-10.2400,-10.2400
2025-06-15_05:03:21.233,1,1,1,1,2.2200,2.2250,2.2250,2.2250,2.2200,0.0000,2.2200,2.2200,-10.2400,-10.2400,-10.2400,-10.2400,-10.2400,-10.2400,-10.2400,-10.2400
2025-06-15_05:03:22.237,1,1,1,1,2.2250,2.2250,2.2250,2.2250,2.2200,0.0000,2.2200,2.2200,-10.2400,-10.2400,-10.2400,-10.2400,-10.2400,-10.2400,-10.2400,-10.2400
2025-06-15_05:03:23.241,1,1,1,1,2.2250,2.2250,2.2250,2.2250,2.2200,0.0000,2.2200,2.2200,-10.2400,-10.2400,-10.2400,-10.2400,-10.2400,-10.2400,-10.2400,-10.2400
2025-06-15_05:03:24.246,1,1,1,1,2.2250,2.2250,2.2250,2.2250,2.2200,0.0000,2.2200,2.2200,-10.2400,-10.2400,-10.2400,-10.2400,-10.2400,-10.2400,-10.2400,-10.2400
2025-06-15_05:03:25.250,1,1,1,1,2.2200,2.2250,2.2250,2.2250,2.2200,0.0000,2.2200,2.2200,-10.2400,-10.2400,-10.2400,-10.2400,-10.2400,-10.2400,-10.2400,-10.2400
2025-06-15_05:03:26.255,1,1,1,1,2.2250,2.2250,2.2250,2.2250,2.2200,0.0000,2.2200,2.2200,-10.2400,-10.2400,-10.2400,-10.2400,-10.2400,-10.2400,-10.2400,-10.2400
2025-06-15_05:03:27.259,1,1,1,1,2.2250,2.2250,2.2250,2.2250,2.2200,0.0000,2.2200,2.2200,-10.2400,-10.2400,-10.2400,-10.2400,-10.2400,-10.2400,-10.2400,-10.2400
2025-06-15_05:03:28.263,1,1,1,1,2.2250,2.2250,2.2250,2.2250,2.2200,0.0000,2.2200,2.2200,-10.2400,-10.2400,-10.2400,-10.2400,-10.2400,-10.2400,-10.2400,-10.2400
2025-06-15_05:03:29.267,1,1,1,1,2.2200,2.2250,2.2250,2.2250,2.2200,0.0000,2.2200,2.2200,-10.2400,-10.2400,-10.2400,-10.2400,-10.2400,-10.2400,-10.2400,-10.2400
2025-06-15_05:03:30.271,1,1,1,1,2.2200,2.2250,2.2250,2.2250,2.2200,0.0000,2.2200,2.2200,-10.2400,-10.2400,-10.2400,-10.2400,-10.2400,-10.2400,-10.2400,-10.2400
2025-06-15_05:03:31.274,1,1,1,1,2.2250,2.2250,2.2250,2.2250,2.2200,0.0000,2.2200,2.2200,-10.2400,-10.2400,-10.2400,-10.2400,-10.2400,-10.2400,-10.2400,-10.2400
2025-06-15_05:03:32.278,1,1,1,1,2.2250,2.2250,2.2250,2.2250,2.2200,0.0000,2.2200,2.2200,-10.2400,-10.2400,-10.2400,-10.2400,-10.2400,-10.2400,-10.2400,-10.2400
2025-06-15_05:03:33.282,1,1,1,1,2.2250,2.2250,2.2250,2.2250,2.2200,0.0000,2.2200,2.2200,-10.2400,-10.2400,-10.2400,-10.2400,-10.2400,-10.2400,-10.2400,-10.2400
2025-06-15_05:03:34.286,1,1,1,1,2.2250,2.2250,2.2250,2.2250,2.2200,0.0000,2.2200,2.2200,-10.2400,-10.2400,-10.2400,-10.2400,-10.2400,-10.2400,-10.2400,-10.2400
2025-06-15_05:03:35.289,1,1,1,1,2.2250,2.2250,2.2250,2.2250,2.2200,0.0000,2.2200,2.2200,-10.2400,-10.2400,-10.2400,-10.2400,-10.2400,-10.2400,-10.2400,-10.2400
2025-06-15_05:03:36.293,1,1,1,1,2.2200,2.2250,2.2250,2.2250,2.2200,0.0000,2.2200,2.2200,-10.2400,-10.2400,-10.2400,-10.2400,-10.2400,-10.2400,-10.2400,-10.2400
2025-06-15_05:03:37.298,1,1,1,1,2.2250,2.2250,2.2250,2.2250,2.2200,0.0000,2.2200,2.2200,-10.2400,-10.2400,-10.2400,-10.2400,-10.2400,-10.2400,-10.2400,-10.2400
2025-06-15_05:03:38.302,1,1,1,1,2.2250,2.2250,2.2250,2.2250,2.2200,0.0000,2.2200,2.2200,-10.2400,-10.2400,-10.2400,-10.2400,-10.2400,-10.2400,-10.2400,-10.2400
2025-06-15_05:03:39.305,1,1,1,1,2.2250,2.2250,2.2250,2.2250,2.2200,0.0000,2.2200,2.2200,-10.2400,-10.2400,-10.2400,-10.2400,-10.2400,-10.2400,-10.2400,-10.2400
2025-06-15_05:03:40.310,1,1,1,1,2.2200,2.2250,2.2250,2.2250,2.2200,0.0000,2.2200,2.2200,-10.2400,-10.2400,-10.2400,-10.2400,-10.2400,-10.2400,-10.2400,-10.2400
2025-06-15_05:03:41.314,1,1,1,1,2.2250,2.2250,2.2250,2.2250,2.2200,0.0000,2.2200,2.2200,-10.2400,-10.2400,-10.2400,-10.2400,-10.2400,-10.2400,-10.2400,-10.2400
2025-06-15_05:03:42.318,1,1,1,1,2.2200,2.2250,2.2250,2.2250,2.2200,0.0000,2.2200,2.2200,-10.2400,-10.2400,-10.2400,-10.2400,-10.2400,-10.2400,-10.2400,-10.2400
2025-06-15_05:03:43.323,1,1,1,1,2.2250,2.2250,2.2250,2.2250,2.2200,0.0000,2.2200,2.2200,-10.2400,-10.2400,-10.2400,-10.2400,-10.2400,-10.2400,-10.2400,-10.2400
2025-06-15_05:03:44.327,1,1,1,1,2.2250,2.2250,2.2250,2.2250,2.2200,0.0000,2.2200,2.2200,-10.2400,-10.2400,-10.2400,-10.2400,-10.2400,-10.2400,-10.2400,-10.2400
2025-06-15_05:03:45.331,1,1,1,1,2.2250,2.2250,2.2250,2.2250,2.2200,0.0000,2.2200,2.2200,-10.2400,-10.2400,-10.2400,-10.2400,-10.2400,-10.2400,-10.2400,-10.2400
2025-06-15_05:03:46.336,1,1,1,1,2.2250,2.2250,2.2250,2.2250,2.2200,0.0000,2.2200,2.2200,-10.2400,-10.2400,-10.2400,-10.2400,-10.2400,-10.2400,-10.2400,-10.2400
2025-06-15_05:03:47.341,1,1,1,1,2.2250,2.2250,2.2250,2.2250,2.2200,0.0000,2.2200,2.2200,-10.2400,-10.2400,-10.2400,-10.2400,-10.2400,-10.2400,-10.2400,-10.2400
2025-06-15_05:03:48.345,1,1,1,1,2.2250,2.2250,2.2250,2.2250,2.2200,0.0000,2.2200,2.2200,-10.2400,-10.2400,-10.2400,-10.2400,-10.2400,-10.2400,-10.2400,-10.2400
2025-06-15_05:03:49.348,1,1,1,1,2.2250,2.2250,2.2250,2.2250,2.2200,0.0000,2.2200,2.2200,-10.2400,-10.2400,-10.2400,-10.2400,-10.2400,-10.2400,-10.2400,-10.2400
2025-06-15_05:03:50.353,1,1,1,1,2.2250,2.2250,2.2250,2.2250,2.2200,0.0000,2.2200,2.2200,-10.2400,-10.2400,-10.2400,-10.2400,-10.2400,-10.2400,-10.2400,-10.2400
2025-06-15_05:03:51.356,1,1,1,1,2.2250,2.2250,2.2250,2.2250,2.2200,0.0000,2.2200,2.2200,-10.2400,-10.2400,-10.2400,-10.2400,-10.2400,-10.2400,-10.2400,-10.2400
2025-06-15_05:03:52.360,1,1,1,1,2.2250,2.2250,2.2250,2.2250,2.2200,0.0000,2.2200,2.2200,-10.2400,-10.2400,-10.2400,-10.2400,-10.2400,-10.2400,-10.2400,-10.2400
2025-06-15_05:03:53.364,1,1,1,1,2.2250,2.2250,2.2250,2.2250,2.2200,0.0000,2.2200,2.2200,-10.2400,-10.2400,-10.2400,-10.2400,-10.2400,-10.2400,-10.2400,-10.2400
2025-06-15_05:03:54.369,1,1,1,1,2.2200,2.2250,2.2250,2.2250,2.2200,0.0000,2.2200,2.2200,-10.2400,-10.2400,-10.2400,-10.2400,-10.2400,-10.2400,-10.2400,-10.2400
2025-06-15_05:03:55.374,1,1,1,1,2.2250,2.2250,2.2250,2.2250,2.2200,0.0000,2.2200,2.2200,-10.2400,-10.2400,-10.2400,-10.2400,-10.2400,-10.2400,-10.2400,-10.2400
2025-06-15_05:03:56.378,1,1,1,1,2.2250,2.2250,2.2250,2.2250,2.2200,0.0000,2.2200,2.2200,-10.2400,-10.2400,-10.2400,-10.2400,-10.2400,-10.2400,-10.2400,-10.2400
2025-06-15_05:03:57.383,1,1,1,1,2.2250,2.2250,2.2250,2.2250,2.2200,0.0000,2.2200,2.2200,-10.2400,-10.2400,-10.2400,-10.2400,-10.2400,-10.2400,-10.2400,-10.2400
2025-06-15_05:03:58.390,1,1,1,1,2.2250,2.2250,2.2250,2.2250,2.2200,0.0000,2.2200,2.2200,-10.2400,-10.2400,-10.2400,-10.2400,-10.2400,-10.2400,-10.2400,-10.2400
2025-06-15_05:03:59.394,1,1,1,1,2.2200,2.2250,2.2250,2.2250,2.2200,0.0000,2.2200,2.2200,-10.2400,-10.2400,-10.2400,-10.2400,-10.2400,-10.2400,-10.2400,-10.2400
2025-06-15_05:04:00.399,1,1,1,1,2.2250,2.2250,2.2250,2.2250,2.2200,0.0000,2.2200,2.2200,-10.2400,-10.2400,-10.2400,-10.2400,-10.2400,-10.2400,-10.2400,-10.2400
2025-06-15_05:04:01.404,1,1,1,1,2.2250,2.2250,2.2250,2.2250,2.2200,0.0000,2.2200,2.2200,-10.2400,-10.2400,-10.2400,-10.2400,-10.2400,-10.2400,-10.2400,-10.2400
2025-06-15_05:04:02.407,1,1,1,1,2.2250,2.2250,2.2250,2.2250,2.2200,0.0000,2.2200,2.2200,-10.2400,-10.2400,-10.2400,-10.2400,-10.2400,-10.2400,-10.2400,-10.2400
2025-06-15_05:04:03.410,1,1,1,1,2.2250,2.2250,2.2250,2.2250,2.2200,0.0000,2.2200,2.2200,-10.2400,-10.2400,-10.2400,-10.2400,-10.2400,-10.2400,-10.2400,-10.2400
2025-06-15_05:04:04.413,1,1,1,1,2.2250,2.2250,2.2250,2.2250,2.2200,0.0000,2.2200,2.2200,-10.2400,-10.2400,-10.2400,-10.2400,-10.2400,-10.2400,-10.2400,-10.2400
2025-06-15_05:04:05.417,1,1,1,1,2.2250,2.2250,2.2250,2.2250,2.2200,0.0000,2.2200,2.2200,-10.2400,-10.2400,-10.2400,-10.2400,-10.2400,-10.2400,-10.2400,-10.2400
2025-06-15_05:04:06.421,1,1,1,1,2.2250,2.2250,2.2250,2.2250,2.2200,0.0000,2.2200,2.2200,-10.2400,-10.2400,-10.2400,-10.2400,-10.2400,-10.2400,-10.2400,-10.2400
2025-06-15_05:04:07.425,1,1,1,1,2.2250,2.2250,2.2250,2.2250,2.2200,0.0000,2.2200,2.2200,-10.2400,-10.2400,-10.2400,-10.2400,-10.2400,-10.2400,-10.2400,-10.2400
2025-06-15_05:04:08.431,1,1,1,1,2.2200,2.2250,2.2250,2.2250,2.2200,0.0000,2.2200,2.2200,-10.2400,-10.2400,-10.2400,-10.2400,-10.2400,-10.2400,-10.2400,-10.2400
2025-06-15_05:04:09.436,1,1,1,1,2.2250,2.2250,2.2200,2.2250,2.2200,0.0000,2.2200,2.2200,-10.2400,-10.2400,-10.2400,-10.2400,-10.2400,-10.2400,-10.2400,-10.2400
2025-06-15_05:04:10.441,1,1,1,1,2.2250,2.2250,2.2200,2.2250,2.2200,0.0000,2.2200,2.2200,-10.2400,-10.2400,-10.2400,-10.2400,-10.2400,-10.2400,-10.2400,-10.2400
2025-06-15_05:04:11.445,1,1,1,1,2.2200,2.2250,2.2250,2.2250,2.2200,0.0000,2.2200,2.2200,-10.2400,-10.2400,-10.2400,-10.2400,-10.2400,-10.2400,-10.2400,-10.2400
2025-06-15_05:04:12.449,1,1,1,1,2.2250,2.2250,2.2250,2.2250,2.2200,0.0000,2.2200,2.2200,-10.2400,-10.2400,-10.2400,-10.2400,-10.2400,-10.2400,-10.2400,-10.2400
2025-06-15_05:04:13.453,1,1,1,1,2.2250,2.2250,2.2250,2.2250,2.2200,0.0000,2.2200,2.2200,-10.2400,-10.2400,-10.2400,-10.2400,-10.2400,-10.2400,-10.2400,-10.2400
2025-06-15_05:04:14.457,1,1,1,1,2.2200,2.2250,2.2250,2.2250,2.2200,0.0000,2.2200,2.2200,-10.2400,-10.2400,-10.2400,-10.2400,-10.2400,-10.2400,-10.2400,-10.2400
2025-06-15_05:04:15.462,1,1,1,1,2.2250,2.2250,2.2250,2.2250,2.2200,0.0000,2.2200,2.2200,-10.2400,-10.2400,-10.2400,-10.2400,-10.2400,-10.2400,-10.2400,-10.2400
2025-06-15_05:04:16.467,1,1,1,1,2.2200,2.2250,2.2250,2.2250,2.2200,0.0000,2.2200,2.2200,-10.2400,-10.2400,-10.2400,-10.2400,-10.2400,-10.2400,-10.2400,-10.2400
2025-06-15_05:04:17.471,1,1,1,1,2.2250,2.2250,2.2250,2.2250,2.2200,0.0000,2.2200,2.2200,-10.2400,-10.2400,-10.2400,-10.2400,-10.2400,-10.2400,-10.2400,-10.2400
2025-06-15_05:04:18.476,1,1,1,1,2.2250,2.2250,2.2250,2.2250,2.2200,0.0000,2.2200,2.2200,-10.2400,-10.2400,-10.2400,-10.2400,-10.2400,-10.2400,-10.2400,-10.2400
2025-06-15_05:04:19.481,1,1,1,1,2.2200,2.2250,2.2250,2.2250,2.2200,0.0000,2.2200,2.2200,-10.2400,-10.2400,-10.2400,-10.2400,-10.2400,-10.2400,-10.2400,-10.2400
2025-06-15_05:04:20.485,1,1,1,1,2.2250,2.2250,2.2250,2.2250,2.2200,0.0000,2.2200,2.2200,-10.2400,-10.2400,-10.2400,-10.2400,-10.2400,-10.2400,-10.2400,-10.2400
2025-06-15_05:04:21.489,1,1,1,1,2.2250,2.2250,2.2250,2.2250,2.2200,0.0000,2.2200,2.2200,-10.2400,-10.2400,-10.2400,-10.2400,-10.2400,-10.2400,-10.2400,-10.2400
2025-06-15_05:04:22.494,1,1,1,1,2.2200,2.2250,2.2250,2.2250,2.2200,0.0000,2.2200,2.2200,-10.2400,-10.2400,-10.2400,-10.2400,-10.2400,-10.2400,-10.2400,-10.2400
2025-06-15_05:04:23.498,1,1,1,1,2.2250,2.2250,2.2250,2.2250,2.2200,0.0000,2.2200,2.2200,-10.2400,-10.2400,-10.2400,-10.2400,-10.2400,-10.2400,-10.2400,-10.2400
2025-06-15_05:04:24.502,1,1,1,1,2.2200,2.2250,2.2250,2.2250,2.2200,0.0000,2.2200,2.2200,-10.2400,-10.2400,-10.2400,-10.2400,-10.2400,-10.2400,-10.2400,-10.2400
2025-06-15_05:04:25.505,1,1,1,1,2.2250,2.2250,2.2250,2.2250,2.2200,0.0000,2.2200,2.2200,-10.2400,-10.2400,-10.2400,-10.2400,-10.2400,-10.2400,-10.2400,-10.2400
2025-06-15_05:04:26.510,1,1,1,1,2.2250,2.2250,2.2250,2.2250,2.2200,0.0000,2.2200,2.2200,-10.2400,-10.2400,-10.2400,-10.2400,-10.2400,-10.2400,-10.2400,-10.2400
2025-06-15_05:04:27.515,1,1,1,1,2.2200,2.2250,2.2250,2.2250,2.2200,0.0000,2.2200,2.2200,-10.2400,-10.2400,-10.2400,-10.2400,-10.2400,-10.2400,-10.2400,-10.2400
2025-06-15_05:04:28.521,1,1,1,1,2.2250,2.2250,2.2250,2.2250,2.2200,0.0000,2.2200,2.2200,-10.2400,-10.2400,-10.2400,-10.2400,-10.2400,-10.2400,-10.2400,-10.2400
2025-06-15_05:04:29.526,1,1,1,1,2.2250,2.2250,2.2250,2.2250,2.2200,0.0000,2.2200,2.2200,-10.2400,-10.2400,-10.2400,-10.2400,-10.2400,-10.2400,-10.2400,-10.2400
2025-06-15_05:04:30.529,1,1,1,1,2.2200,2.2250,2.2250,2.2250,2.2200,0.0000,2.2200,2.2200,-10.2400,-10.2400,-10.2400,-10.2400,-10.2400,-10.2400,-10.2400,-10.2400
2025-06-15_05:04:31.534,1,1,1,1,2.2250,2.2250,2.2250,2.2250,2.2200,0.0000,2.2200,2.2200,-10.2400,-10.2400,-10.2400,-10.2400,-10.2400,-10.2400,-10.2400,-10.2400
2025-06-15_05:04:32.538,1,1,1,1,2.2250,2.2250,2.2250,2.2250,2.2200,0.0000,2.2200,2.2200,-10.2400,-10.2400,-10.2400,-10.2400,-10.2400,-10.2400,-10.2400,-10.2400
2025-06-15_05:04:33.543,1,1,1,1,2.2250,2.2250,2.2250,2.2250,2.2200,0.0000,2.2200,2.2200,-10.2400,-10.2400,-10.2400,-10.2400,-10.2400,-10.2400,-10.2400,-10.2400
2025-06-15_05:04:34.548,1,1,1,1,2.2200,2.2250,2.2250,2.2250,2.2200,0.0000,2.2200,2.2200,-10.2400,-10.2400,-10.2400,-10.2400,-10.2400,-10.2400,-10.2400,-10.2400
2025-06-15_05:04:35.552,1,1,1,1,2.2200,2.2250,2.2250,2.2250,2.2200,0.0000,2.2200,2.2200,-10.2400,-10.2400,-10.2400,-10.2400,-10.2400,-10.2400,-10.2400,-10.2400
2025-06-15_05:04:36.557,1,1,1,1,2.2250,2.2250,2.2250,2.2250,2.2200,0.0000,2.2200,2.2200,-10.2400,-10.2400,-10.2400,-10.2400,-10.2400,-10.2400,-10.2400,-10.2400
2025-06-15_05:04:37.561,1,1,1,1,2.2200,2.2250,2.2250,2.2250,2.2200,0.0000,2.2200,2.2200,-10.2400,-10.2400,-10.2400,-10.2400,-10.2400,-10.2400,-10.2400,-10.2400
2025-06-15_05:04:38.567,1,1,1,1,2.2200,2.2250,2.2250,2.2250,2.2200,0.0000,2.2200,2.2200,-10.2400,-10.2400,-10.2400,-10.2400,-10.2400,-10.2400,-10.2400,-10.2400
2025-06-15_05:04:39.571,1,1,1,1,2.2200,2.2250,2.2250,2.2250,2.2200,0.0000,2.2200,2.2200,-10.2400,-10.2400,-10.2400,-10.2400,-10.2400,-10.2400,-10.2400,-10.2400
2025-06-15_05:04:40.576,1,1,1,1,2.2250,2.2250,2.2250,2.2250,2.2200,0.0000,2.2200,2.2200,-10.2400,-10.2400,-10.2400,-10.2400,-10.2400,-10.2400,-10.2400,-10.2400
2025-06-15_05:04:41.580,1,1,1,1,2.2250,2.2250,2.2250,2.2250,2.2200,0.0000,2.2200,2.2200,-10.2400,-10.2400,-10.2400,-10.2400,-10.2400,-10.2400,-10.2400,-10.2400
2025-06-15_05:04:42.585,1,1,1,1,2.2250,2.2250,2.2250,2.2250,2.2200,0.0000,2.2200,2.2200,-10.2400,-10.2400,-10.2400,-10.2400,-10.2400,-10.2400,-10.2400,-10.2400
2025-06-15_05:04:43.588,1,1,1,1,2.2250,2.2250,2.2250,2.2250,2.2200,0.0000,2.2200,2.2200,-10.2400,-10.2400,-10.2400,-10.2400,-10.2400,-10.2400,-10.2400,-10.2400
2025-06-15_05:04:44.590,1,1,1,1,2.2250,2.2250,2.2250,2.2250,2.2200,0.0000,2.2200,2.2200,-10.2400,-10.2400,-10.2400,-10.2400,-10.2400,-10.2400,-10.2400,-10.2400
2025-06-15_05:04:45.594,1,1,1,1,2.2250,2.2250,2.2250,2.2250,2.2200,0.0000,2.2200,2.2200,-10.2400,-10.2400,-10.2400,-10.2400,-10.2400,-10.2400,-10.2400,-10.2400
2025-06-15_05:04:46.598,1,1,1,1,2.2250,2.2250,2.2250,2.2250,2.2200,0.0000,2.2200,2.2200,-10.2400,-10.2400,-10.2400,-10.2400,-10.2400,-10.2400,-10.2400,-10.2400
2025-06-15_05:04:47.602,1,1,1,1,2.2250,2.2250,2.2250,2.2250,2.2200,0.0000,2.2200,2.2200,-10.2400,-10.2400,-10.2400,-10.2400,-10.2400,-10.2400,-10.2400,-10.2400
2025-06-15_05:04:48.606,1,1,1,1,2.2250,2.2250,2.2250,2.2250,2.2200,0.0000,2.2200,2.2200,-10.2400,-10.2400,-10.2400,-10.2400,-10.2400,-10.2400,-10.2400,-10.2400
2025-06-15_05:04:49.612,1,1,1,1,2.2250,2.2250,2.2250,2.2250,2.2200,0.0000,2.2200,2.2200,-10.2400,-10.2400,-10.2400,-10.2400,-10.2400,-10.2400,-10.2400,-10.2400
2025-06-15_05:04:50.615,1,1,1,1,2.2200,2.2250,2.2250,2.2250,2.2200,0.0000,2.2200,2.2200,-10.2400,-10.2400,-10.2400,-10.2400,-10.2400,-10.2400,-10.2400,-10.2400
2025-06-15_05:04:51.619,1,1,1,1,2.2200,2.2250,2.2250,2.2250,2.2200,0.0000,2.2200,2.2200,-10.2400,-10.2400,-10.2400,-10.2400,-10.2400,-10.2400,-10.2400,-10.2400
2025-06-15_05:04:52.623,1,1,1,1,2.2250,2.2250,2.2250,2.2250,2.2200,0.0000,2.2200,2.2200,-10.2400,-10.2400,-10.2400,-10.2400,-10.2400,-10.2400,-10.2400,-10.2400
2025-06-15_05:04:53.627,1,1,1,1,2.2200,2.2250,2.2250,2.2250,2.2200,0.0000,2.2200,2.2200,-10.2400,-10.2400,-10.2400,-10.2400,-10.2400,-10.2400,-10.2400,-10.2400
2025-06-15_05:04:54.632,1,1,1,1,2.2200,2.2250,2.2250,2.2250,2.2200,0.0000,2.2200,2.2200,-10.2400,-10.2400,-10.2400,-10.2400,-10.2400,-10.2400,-10.2400,-10.2400
2025-06-15_05:04:55.637,1,1,1,1,2.2250,2.2250,2.2250,2.2250,2.2200,0.0000,2.2200,2.2200,-10.2400,-10.2400,-10.2400,-10.2400,-10.2400,-10.2400,-10.2400,-10.2400
2025-06-15_05:04:56.641,1,1,1,1,2.2250,2.2250,2.2250,2.2250,2.2200,0.0000,2.2200,2.2200,-10.2400,-10.2400,-10.2400,-10.2400,-10.2400,-10.2400,-10.2400,-10.2400
2025-06-15_05:04:57.645,1,1,1,1,2.2250,2.2250,2.2250,2.2250,2.2200,0.0000,2.2200,2.2200,-10.2400,-10.2400,-10.2400,-10.2400,-10.2400,-10.2400,-10.2400,-10.2400
2025-06-15_05:04:58.655,1,1,1,1,2.2250,2.2250,2.2250,2.2250,2.2200,0.0000,2.2200,2.2200,-10.2400,-10.2400,-10.2400,-10.2400,-10.2400,-10.2400,-10.2400,-10.2400
2025-06-15_05:04:59.660,1,1,1,1,2.2250,2.2250,2.2250,2.2250,2.2200,0.0000,2.2200,2.2200,-10.2400,-10.2400,-10.2400,-10.2400,-10.2400,-10.2400,-10.2400,-10.2400
2025-06-15_05:05:00.664,1,1,1,1,2.2250,2.2250,2.2250,2.2250,2.2200,0.0000,2.2200,2.2200,-10.2400,-10.2400,-10.2400,-10.2400,-10.2400,-10.2400,-10.2400,-10.2400
2025-06-15_05:05:01.669,1,1,1,1,2.2250,2.2250,2.2250,2.2250,2.2200,0.0000,2.2200,2.2200,-10.2400,-10.2400,-10.2400,-10.2400,-10.2400,-10.2400,-10.2400,-10.2400
2025-06-15_05:05:02.674,1,1,1,1,2.2200,2.2250,2.2250,2.2250,2.2200,0.0000,2.2200,2.2200,-10.2400,-10.2400,-10.2400,-10.2400,-10.2400,-10.2400,-10.2400,-10.2400
2025-06-15_05:05:03.679,1,1,1,1,2.2250,2.2250,2.2250,2.2250,2.2200,0.0000,2.2200,2.2200,-10.2400,-10.2400,-10.2400,-10.2400,-10.2400,-10.2400,-10.2400,-10.2400
2025-06-15_05:05:04.684,1,1,1,1,2.2200,2.2250,2.2250,2.2250,2.2200,0.0000,2.2200,2.2200,-10.2400,-10.2400,-10.2400,-10.2400,-10.2400,-10.2400,-10.2400,-10.2400
2025-06-15_05:05:05.689,1,1,1,1,2.2200,2.2250,2.2250,2.2250,2.2200,0.0000,2.2200,2.2200,-10.2400,-10.2400,-10.2400,-10.2400,-10.2400,-10.2400,-10.2400,-10.2400
2025-06-15_05:05:06.693,1,1,1,1,2.2250,2.2250,2.2250,2.2250,2.2200,0.0000,2.2200,2.2200,-10.2400,-10.2400,-10.2400,-10.2400,-10.2400,-10.2400,-10.2400,-10.2400
2025-06-15_05:05:07.697,1,1,1,1,2.2250,2.2250,2.2250,2.2250,2.2200,0.0000,2.2200,2.2200,-10.2400,-10.2400,-10.2400,-10.2400,-10.2400,-10.2400,-10.2400,-10.2400
2025-06-15_05:05:08.703,1,1,1,1,2.2250,2.2250,2.2250,2.2250,2.2200,0.0000,2.2200,2.2200,-10.2400,-10.2400,-10.2400,-10.2400,-10.2400,-10.2400,-10.2400,-10.2400
2025-06-15_05:05:09.707,1,1,1,1,2.2250,2.2250,2.2250,2.2250,2.2200,0.0000,2.2200,2.2200,-10.2400,-10.2400,-10.2400,-10.2400,-10.2400,-10.2400,-10.2400,-10.2400
2025-06-15_05:05:10.711,1,1,1,1,2.2250,2.2250,2.2250,2.2250,2.2200,0.0000,2.2200,2.2200,-10.2400,-10.2400,-10.2400,-10.2400,-10.2400,-10.2400,-10.2400,-10.2400
2025-06-15_05:05:11.715,1,1,1,1,2.2250,2.2250,2.2250,2.2250,2.2200,0.0000,2.2200,2.2200,-10.2400,-10.2400,-10.2400,-10.2400,-10.2400,-10.2400,-10.2400,-10.2400
2025-06-15_05:05:12.719,1,1,1,1,2.2250,2.2250,2.2250,2.2250,2.2200,0.0000,2.2200,2.2200,-10.2400,-10.2400,-10.2400,-10.2400,-10.2400,-10.2400,-10.2400,-10.2400
2025-06-15_05:05:13.722,1,1,1,1,2.2250,2.2250,2.2250,2.2250,2.2200,0.0000,2.2200,2.2200,-10.2400,-10.2400,-10.2400,-10.2400,-10.2400,-10.2400,-10.2400,-10.2400
2025-06-15_05:05:14.725,1,1,1,1,2.2200,2.2250,2.2250,2.2250,2.2200,0.0000,2.2200,2.2200,-10.2400,-10.2400,-10.2400,-10.2400,-10.2400,-10.2400,-10.2400,-10.2400
2025-06-15_05:05:15.730,1,1,1,1,2.2250,2.2250,2.2250,2.2250,2.2200,0.0000,2.2200,2.2200,-10.2400,-10.2400,-10.2400,-10.2400,-10.2400,-10.2400,-10.2400,-10.2400
2025-06-15_05:05:16.734,1,1,1,1,2.2250,2.2250,2.2250,2.2250,2.2200,0.0000,2.2200,2.2200,-10.2400,-10.2400,-10.2400,-10.2400,-10.2400,-10.2400,-10.2400,-10.2400
2025-06-15_05:05:17.736,1,1,1,1,2.2250,2.2250,2.2250,2.2250,2.2200,0.0000,2.2200,2.2200,-10.2400,-10.2400,-10.2400,-10.2400,-10.2400,-10.2400,-10.2400,-10.2400
2025-06-15_05:05:18.741,1,1,1,1,2.2250,2.2250,2.2250,2.2250,2.2200,0.0000,2.2200,2.2200,-10.2400,-10.2400,-10.2400,-10.2400,-10.2400,-10.2400,-10.2400,-10.2400
2025-06-15_05:05:19.744,1,1,1,1,2.2250,2.2250,2.2250,2.2250,2.2200,0.0000,2.2200,2.2200,-10.2400,-10.2400,-10.2400,-10.2400,-10.2400,-10.2400,-10.2400,-10.2400
2025-06-15_05:05:20.747,1,1,1,1,2.2250,2.2250,2.2250,2.2250,2.2200,0.0000,2.2200,2.2200,-10.2400,-10.2400,-10.2400,-10.2400,-10.2400,-10.2400,-10.2400,-10.2400
2025-06-15_05:05:21.751,1,1,1,1,2.2250,2.2250,2.2250,2.2250,2.2200,0.0000,2.2200,2.2200,-10.2400,-10.2400,-10.2400,-10.2400,-10.2400,-10.2400,-10.2400,-10.2400
2025-06-15_05:05:22.755,1,1,1,1,2.2250,2.2250,2.2250,2.2250,2.2200,0.0000,2.2200,2.2200,-10.2400,-10.2400,-10.2400,-10.2400,-10.2400,-10.2400,-10.2400,-10.2400
2025-06-15_05:05:23.759,1,1,1,1,2.2200,2.2250,2.2250,2.2250,2.2200,0.0000,2.2200,2.2200,-10.2400,-10.2400,-10.2400,-10.2400,-10.2400,-10.2400,-10.2400,-10.2400
2025-06-15_05:05:24.763,1,1,1,1,2.2250,2.2250,2.2250,2.2250,2.2200,0.0000,2.2200,2.2200,-10.2400,-10.2400,-10.2400,-10.2400,-10.2400,-10.2400,-10.2400,-10.2400
2025-06-15_05:05:25.766,1,1,1,1,2.2250,2.2250,2.2250,2.2250,2.2200,0.0000,2.2200,2.2200,-10.2400,-10.2400,-10.2400,-10.2400,-10.2400,-10.2400,-10.2400,-10.2400
2025-06-15_05:05:26.771,1,1,1,1,2.2250,2.2250,2.2250,2.2250,2.2200,0.0000,2.2200,2.2200,-10.2400,-10.2400,-10.2400,-10.2400,-10.2400,-10.2400,-10.2400,-10.2400
2025-06-15_05:05:27.776,1,1,1,1,2.2250,2.2250,2.2250,2.2250,2.2200,0.0000,2.2200,2.2200,-10.2400,-10.2400,-10.2400,-10.2400,-10.2400,-10.2400,-10.2400,-10.2400
2025-06-15_05:05:28.779,1,1,1,1,2.2250,2.2250,2.2250,2.2250,2.2200,0.0000,2.2200,2.2200,-10.2400,-10.2400,-10.2400,-10.2400,-10.2400,-10.2400,-10.2400,-10.2400
2025-06-15_05:05:29.783,1,1,1,1,2.2250,2.2250,2.2250,2.2250,2.2200,0.0000,2.2200,2.2200,-10.2400,-10.2400,-10.2400,-10.2400,-10.2400,-10.2400,-10.2400,-10.2400
2025-06-15_05:05:30.786,1,1,1,1,2.2250,2.2250,2.2250,2.2250,2.2200,0.0000,2.2200,2.2200,-10.2400,-10.2400,-10.2400,-10.2400,-10.2400,-10.2400,-10.2400,-10.2400
2025-06-15_05:05:31.791,1,1,1,1,2.2200,2.2250,2.2250,2.2250,2.2200,0.0000,2.2200,2.2200,-10.2400,-10.2400,-10.2400,-10.2400,-10.2400,-10.2400,-10.2400,-10.2400
2025-06-15_05:05:32.795,1,1,1,1,2.2250,2.2250,2.2250,2.2250,2.2200,0.0000,2.2200,2.2200,-10.2400,-10.2400,-10.2400,-10.2400,-10.2400,-10.2400,-10.2400,-10.2400
2025-06-15_05:05:33.800,1,1,1,1,2.2250,2.2250,2.2250,2.2250,2.2200,0.0000,2.2200,2.2200,-10.2400,-10.2400,-10.2400,-10.2400,-10.2400,-10.2400,-10.2400,-10.2400
2025-06-15_05:05:34.804,1,1,1,1,2.2250,2.2250,2.2250,2.2250,2.2200,0.0000,2.2200,2.2200,-10.2400,-10.2400,-10.2400,-10.2400,-10.2400,-10.2400,-10.2400,-10.2400
2025-06-15_05:05:35.809,1,1,1,1,2.2250,2.2250,2.2250,2.2250,2.2200,0.0000,2.2200,2.2200,-10.2400,-10.2400,-10.2400,-10.2400,-10.2400,-10.2400,-10.2400,-10.2400
2025-06-15_05:05:36.814,1,1,1,1,2.2250,2.2250,2.2250,2.2250,2.2200,0.0000,2.2200,2.2200,-10.2400,-10.2400,-10.2400,-10.2400,-10.2400,-10.2400,-10.2400,-10.2400
2025-06-15_05:05:37.818,1,1,1,1,2.2250,2.2250,2.2250,2.2250,2.2200,0.0000,2.2200,2.2200,-10.2400,-10.2400,-10.2400,-10.2400,-10.2400,-10.2400,-10.2400,-10.2400
2025-06-15_05:05:38.822,1,1,1,1,2.2250,2.2250,2.2250,2.2250,2.2200,0.0000,2.2200,2.2200,-10.2400,-10.2400,-10.2400,-10.2400,-10.2400,-10.2400,-10.2400,-10.2400
2025-06-15_05:05:39.827,1,1,1,1,2.2250,2.2250,2.2250,2.2250,2.2200,0.0000,2.2200,2.2200,-10.2400,-10.2400,-10.2400,-10.2400,-10.2400,-10.2400,-10.2400,-10.2400
2025-06-15_05:05:40.831,1,1,1,1,2.2200,2.2250,2.2250,2.2250,2.2200,0.0000,2.2200,2.2200,-10.2400,-10.2400,-10.2400,-10.2400,-10.2400,-10.2400,-10.2400,-10.2400
2025-06-15_05:05:41.835,1,1,1,1,2.2250,2.2250,2.2250,2.2250,2.2200,0.0000,2.2200,2.2200,-10.2400,-10.2400,-10.2400,-10.2400,-10.2400,-10.2400,-10.2400,-10.2400
2025-06-15_05:05:42.839,1,1,1,1,2.2250,2.2250,2.2250,2.2250,2.2200,0.0000,2.2200,2.2200,-10.2400,-10.2400,-10.2400,-10.2400,-10.2400,-10.2400,-10.2400,-10.2400
2025-06-15_05:05:43.843,1,1,1,1,2.2250,2.2250,2.2250,2.2250,2.2200,0.0000,2.2200,2.2200,-10.2400,-10.2400,-10.2400,-10.2400,-10.2400,-10.2400,-10.2400,-10.2400
2025-06-15_05:05:44.848,1,1,1,1,2.2250,2.2250,2.2250,2.2250,2.2200,0.0000,2.2200,2.2200,-10.2400,-10.2400,-10.2400,-10.2400,-10.2400,-10.2400,-10.2400,-10.2400
2025-06-15_05:05:45.852,1,1,1,1,2.2250,2.2250,2.2250,2.2250,2.2200,0.0000,2.2200,2.2200,-10.2400,-10.2400,-10.2400,-10.2400,-10.2400,-10.2400,-10.2400,-10.2400
2025-06-15_05:05:46.856,1,1,1,1,2.2250,2.2250,2.2250,2.2250,2.2200,0.0000,2.2200,2.2200,-10.2400,-10.2400,-10.2400,-10.2400,-10.2400,-10.2400,-10.2400,-10.2400
2025-06-15_05:05:47.861,1,1,1,1,2.2200,2.2250,2.2250,2.2250,2.2200,0.0000,2.2200,2.2200,-10.2400,-10.2400,-10.2400,-10.2400,-10.2400,-10.2400,-10.2400,-10.2400
2025-06-15_05:05:48.865,1,1,1,1,2.2250,2.2250,2.2250,2.2250,2.2200,0.0000,2.2200,2.2200,-10.2400,-10.2400,-10.2400,-10.2400,-10.2400,-10.2400,-10.2400,-10.2400
2025-06-15_05:05:49.869,1,1,1,1,2.2250,2.2250,2.2250,2.2250,2.2200,0.0000,2.2200,2.2200,-10.2400,-10.2400,-10.2400,-10.2400,-10.2400,-10.2400,-10.2400,-10.2400
2025-06-15_05:05:50.873,1,1,1,1,2.2250,2.2250,2.2250,2.2250,2.2200,0.0000,2.2200,2.2200,-10.2400,-10.2400,-10.2400,-10.2400,-10.2400,-10.2400,-10.2400,-10.2400
2025-06-15_05:05:51.878,1,1,1,1,2.2250,2.2250,2.2250,2.2250,2.2200,0.0000,2.2200,2.2200,-10.2400,-10.2400,-10.2400,-10.2400,-10.2400,-10.2400,-10.2400,-10.2400
2025-06-15_05:05:52.882,1,1,1,1,2.2250,2.2250,2.2250,2.2250,2.2200,0.0000,2.2200,2.2200,-10.2400,-10.2400,-10.2400,-10.2400,-10.2400,-10.2400,-10.2400,-10.2400
2025-06-15_05:05:53.886,1,1,1,1,2.2250,2.2250,2.2250,2.2250,2.2200,0.0000,2.2200,2.2200,-10.2400,-10.2400,-10.2400,-10.2400,-10.2400,-10.2400,-10.2400,-10.2400
2025-06-15_05:05:54.891,1,1,1,1,2.2250,2.2250,2.2250,2.2250,2.2200,0.0000,2.2200,2.2200,-10.2400,-10.2400,-10.2400,-10.2400,-10.2400,-10.2400,-10.2400,-10.2400
2025-06-15_05:05:55.894,1,1,1,1,2.2200,2.2250,2.2250,2.2250,2.2200,0.0000,2.2200,2.2200,-10.2400,-10.2400,-10.2400,-10.2400,-10.2400,-10.2400,-10.2400,-10.2400
2025-06-15_05:05:56.899,1,1,1,1,2.2250,2.2250,2.2250,2.2250,2.2200,0.0000,2.2200,2.2200,-10.2400,-10.2400,-10.2400,-10.2400,-10.2400,-10.2400,-10.2400,-10.2400
2025-06-15_05:05:57.903,1,1,1,1,2.2250,2.2250,2.2250,2.2250,2.2200,0.0000,2.2200,2.2200,-10.2400,-10.2400,-10.2400,-10.2400,-10.2400,-10.2400,-10.2400,-10.2400
2025-06-15_05:05:58.908,1,1,1,1,2.2250,2.2250,2.2250,2.2250,2.2200,0.0000,2.2200,2.2200,-10.2400,-10.2400,-10.2400,-10.2400,-10.2400,-10.2400,-10.2400,-10.2400
2025-06-15_05:05:59.913,1,1,1,1,2.2250,2.2250,2.2250,2.2250,2.2200,0.0000,2.2200,2.2200,-10.2400,-10.2400,-10.2400,-10.2400,-10.2400,-10.2400,-10.2400,-10.2400
2025-06-15_05:06:00.917,1,1,1,1,2.2250,2.2250,2.2250,2.2250,2.2200,0.0000,2.2200,2.2200,-10.2400,-10.2400,-10.2400,-10.2400,-10.2400,-10.2400,-10.2400,-10.2400
2025-06-15_05:06:01.921,1,1,1,1,2.2250,2.2250,2.2250,2.2250,2.2200,0.0000,2.2200,2.2200,-10.2400,-10.2400,-10.2400,-10.2400,-10.2400,-10.2400,-10.2400,-10.2400
2025-06-15_05:06:02.925,1,1,1,1,2.2200,2.2250,2.2250,2.2250,2.2200,0.0000,2.2200,2.2200,-10.2400,-10.2400,-10.2400,-10.2400,-10.2400,-10.2400,-10.2400,-10.2400
2025-06-15_05:06:03.929,1,1,1,1,2.2250,2.2250,2.2250,2.2250,2.2200,0.0000,2.2200,2.2200,-10.2400,-10.2400,-10.2400,-10.2400,-10.2400,-10.2400,-10.2400,-10.2400
2025-06-15_05:06:04.933,1,1,1,1,2.2250,2.2250,2.2250,2.2250,2.2200,0.0000,2.2200,2.2200,-10.2400,-10.2400,-10.2400,-10.2400,-10.2400,-10.2400,-10.2400,-10.2400
2025-06-15_05:06:05.937,1,1,1,1,2.2250,2.2250,2.2250,2.2250,2.2200,0.0000,2.2200,2.2200,-10.2400,-10.2400,-10.2400,-10.2400,-10.2400,-10.2400,-10.2400,-10.2400
2025-06-15_05:06:06.940,1,1,1,1,2.2250,2.2250,2.2250,2.2250,2.2200,0.0000,2.2200,2.2200,-10.2400,-10.2400,-10.2400,-10.2400,-10.2400,-10.2400,-10.2400,-10.2400
2025-06-15_05:06:07.944,1,1,1,1,2.2250,2.2250,2.2250,2.2250,2.2200,0.0000,2.2200,2.2200,-10.2400,-10.2400,-10.2400,-10.2400,-10.2400,-10.2400,-10.2400,-10.2400
2025-06-15_05:06:08.949,1,1,1,1,2.2250,2.2250,2.2250,2.2250,2.2200,0.0000,2.2200,2.2200,-10.2400,-10.2400,-10.2400,-10.2400,-10.2400,-10.2400,-10.2400,-10.2400
2025-06-15_05:06:09.953,1,1,1,1,2.2250,2.2250,2.2250,2.2250,2.2200,0.0000,2.2200,2.2200,-10.2400,-10.2400,-10.2400,-10.2400,-10.2400,-10.2400,-10.2400,-10.2400
2025-06-15_05:06:10.957,1,1,1,1,2.2200,2.2250,2.2250,2.2250,2.2200,0.0000,2.2200,2.2200,-10.2400,-10.2400,-10.2400,-10.2400,-10.2400,-10.2400,-10.2400,-10.2400
2025-06-15_05:06:11.962,1,1,1,1,2.2250,2.2250,2.2250,2.2250,2.2200,0.0000,2.2200,2.2200,-10.2400,-10.2400,-10.2400,-10.2400,-10.2400,-10.2400,-10.2400,-10.2400
2025-06-15_05:06:12.966,1,1,1,1,2.2200,2.2250,2.2250,2.2250,2.2200,0.0000,2.2200,2.2200,-10.2400,-10.2400,-10.2400,-10.2400,-10.2400,-10.2400,-10.2400,-10.2400
2025-06-15_05:06:13.971,1,1,1,1,2.2250,2.2250,2.2250,2.2250,2.2200,0.0000,2.2200,2.2200,-10.2400,-10.2400,-10.2400,-10.2400,-10.2400,-10.2400,-10.2400,-10.2400
2025-06-15_05:06:14.974,1,1,1,1,2.2250,2.2250,2.2250,2.2250,2.2200,0.0000,2.2200,2.2200,-10.2400,-10.2400,-10.2400,-10.2400,-10.2400,-10.2400,-10.2400,-10.2400
2025-06-15_05:06:15.977,1,1,1,1,2.2250,2.2250,2.2250,2.2250,2.2200,0.0000,2.2200,2.2200,-10.2400,-10.2400,-10.2400,-10.2400,-10.2400,-10.2400,-10.2400,-10.2400
2025-06-15_05:06:16.980,1,1,1,1,2.2250,2.2250,2.2250,2.2250,2.2200,0.0000,2.2200,2.2200,-10.2400,-10.2400,-10.2400,-10.2400,-10.2400,-10.2400,-10.2400,-10.2400
2025-06-15_05:06:17.984,1,1,1,1,2.2250,2.2250,2.2250,2.2250,2.2200,0.0000,2.2200,2.2200,-10.2400,-10.2400,-10.2400,-10.2400,-10.2400,-10.2400,-10.2400,-10.2400
2025-06-15_05:06:18.987,1,1,1,1,2.2250,2.2250,2.2250,2.2250,2.2200,0.0000,2.2200,2.2200,-10.2400,-10.2400,-10.2400,-10.2400,-10.2400,-10.2400,-10.2400,-10.2400
2025-06-15_05:06:19.991,1,1,1,1,2.2250,2.2250,2.2250,2.2250,2.2200,0.0000,2.2200,2.2200,-10.2400,-10.2400,-10.2400,-10.2400,-10.2400,-10.2400,-10.2400,-10.2400
2025-06-15_05:06:20.996,1,1,1,1,2.2250,2.2250,2.2250,2.2250,2.2200,0.0000,2.2200,2.2200,-10.2400,-10.2400,-10.2400,-10.2400,-10.2400,-10.2400,-10.2400,-10.2400
2025-06-15_05:06:22.000,1,1,1,1,2.2250,2.2250,2.2250,2.2250,2.2200,0.0000,2.2200,2.2200,-10.2400,-10.2400,-10.2400,-10.2400,-10.2400,-10.2400,-10.2400,-10.2400
2025-06-15_05:06:23.004,1,1,1,1,2.2250,2.2250,2.2250,2.2250,2.2200,0.0000,2.2200,2.2200,-10.2400,-10.2400,-10.2400,-10.2400,-10.2400,-10.2400,-10.2400,-10.2400
2025-06-15_05:06:24.009,1,1,1,1,2.2200,2.2250,2.2250,2.2250,2.2200,0.0000,2.2200,2.2200,-10.2400,-10.2400,-10.2400,-10.2400,-10.2400,-10.2400,-10.2400,-10.2400
2025-06-15_05:06:25.013,1,1,1,1,2.2250,2.2250,2.2250,2.2250,2.2200,0.0000,2.2200,2.2200,-10.2400,-10.2400,-10.2400,-10.2400,-10.2400,-10.2400,-10.2400,-10.2400
2025-06-15_05:06:26.017,1,1,1,1,2.2250,2.2250,2.2250,2.2250,2.2200,0.0000,2.2200,2.2200,-10.2400,-10.2400,-10.2400,-10.2400,-10.2400,-10.2400,-10.2400,-10.2400
2025-06-15_05:06:27.020,1,1,1,1,2.2250,2.2250,2.2250,2.2250,2.2200,0.0000,2.2200,2.2200,-10.2400,-10.2400,-10.2400,-10.2400,-10.2400,-10.2400,-10.2400,-10.2400
2025-06-15_05:06:28.025,1,1,1,1,2.2250,2.2250,2.2250,2.2250,2.2200,0.0000,2.2200,2.2200,-10.2400,-10.2400,-10.2400,-10.2400,-10.2400,-10.2400,-10.2400,-10.2400
2025-06-15_05:06:29.029,1,1,1,1,2.2250,2.2250,2.2250,2.2250,2.2200,0.0000,2.2200,2.2200,-10.2400,-10.2400,-10.2400,-10.2400,-10.2400,-10.2400,-10.2400,-10.2400
2025-06-15_05:06:30.032,1,1,1,1,2.2250,2.2250,2.2250,2.2250,2.2200,0.0000,2.2200,2.2200,-10.2400,-10.2400,-10.2400,-10.2400,-10.2400,-10.2400,-10.2400,-10.2400
2025-06-15_05:06:31.036,1,1,1,1,2.2250,2.2250,2.2250,2.2250,2.2200,0.0000,2.2200,2.2200,-10.2400,-10.2400,-10.2400,-10.2400,-10.2400,-10.2400,-10.2400,-10.2400
2025-06-15_05:06:32.039,1,1,1,1,2.2250,2.2250,2.2250,2.2250,2.2200,0.0000,2.2200,2.2200,-10.2400,-10.2400,-10.2400,-10.2400,-10.2400,-10.2400,-10.2400,-10.2400
2025-06-15_05:06:33.043,1,1,1,1,2.2250,2.2250,2.2250,2.2250,2.2200,0.0000,2.2200,2.2200,-10.2400,-10.2400,-10.2400,-10.2400,-10.2400,-10.2400,-10.2400,-10.2400
2025-06-15_05:06:34.047,1,1,1,1,2.2250,2.2250,2.2250,2.2250,2.2200,0.0000,2.2200,2.2200,-10.2400,-10.2400,-10.2400,-10.2400,-10.2400,-10.2400,-10.2400,-10.2400
2025-06-15_05:06:35.052,1,1,1,1,2.2250,2.2250,2.2250,2.2250,2.2200,0.0000,2.2200,2.2200,-10.2400,-10.2400,-10.2400,-10.2400,-10.2400,-10.2400,-10.2400,-10.2400
2025-06-15_05:06:36.055,1,1,1,1,2.2250,2.2250,2.2250,2.2250,2.2200,0.0000,2.2200,2.2200,-10.2400,-10.2400,-10.2400,-10.2400,-10.2400,-10.2400,-10.2400,-10.2400
2025-06-15_05:06:37.059,1,1,1,1,2.2250,2.2250,2.2250,2.2250,2.2200,0.0000,2.2200,2.2200,-10.2400,-10.2400,-10.2400,-10.2400,-10.2400,-10.2400,-10.2400,-10.2400
2025-06-15_05:06:38.065,1,1,1,1,2.2250,2.2250,2.2250,2.2250,2.2200,0.0000,2.2200,2.2200,-10.2400,-10.2400,-10.2400,-10.2400,-10.2400,-10.2400,-10.2400,-10.2400
2025-06-15_05:06:39.070,1,1,1,1,2.2200,2.2250,2.2250,2.2250,2.2200,0.0000,2.2200,2.2200,-10.2400,-10.2400,-10.2400,-10.2400,-10.2400,-10.2400,-10.2400,-10.2400
2025-06-15_05:06:40.074,1,1,1,1,2.2200,2.2250,2.2250,2.2250,2.2200,0.0000,2.2200,2.2200,-10.2400,-10.2400,-10.2400,-10.2400,-10.2400,-10.2400,-10.2400,-10.2400
2025-06-15_05:06:41.079,1,1,1,1,2.2200,2.2250,2.2250,2.2250,2.2200,0.0000,2.2200,2.2200,-10.2400,-10.2400,-10.2400,-10.2400,-10.2400,-10.2400,-10.2400,-10.2400
2025-06-15_05:06:42.084,1,1,1,1,2.2250,2.2250,2.2250,2.2250,2.2200,0.0000,2.2200,2.2200,-10.2400,-10.2400,-10.2400,-10.2400,-10.2400,-10.2400,-10.2400,-10.2400
2025-06-15_05:06:43.088,1,1,1,1,2.2250,2.2250,2.2250,2.2250,2.2200,0.0000,2.2200,2.2200,-10.2400,-10.2400,-10.2400,-10.2400,-10.2400,-10.2400,-10.2400,-10.2400
2025-06-15_05:06:44.091,1,1,1,1,2.2200,2.2250,2.2250,2.2250,2.2200,0.0000,2.2200,2.2200,-10.2400,-10.2400,-10.2400,-10.2400,-10.2400,-10.2400,-10.2400,-10.2400
2025-06-15_05:06:45.096,1,1,1,1,2.2250,2.2250,2.2250,2.2250,2.2200,0.0000,2.2200,2.2200,-10.2400,-10.2400,-10.2400,-10.2400,-10.2400,-10.2400,-10.2400,-10.2400
2025-06-15_05:06:46.100,1,1,1,1,2.2250,2.2250,2.2250,2.2250,2.2200,0.0000,2.2200,2.2200,-10.2400,-10.2400,-10.2400,-10.2400,-10.2400,-10.2400,-10.2400,-10.2400
2025-06-15_05:06:47.104,1,1,1,1,2.2250,2.2250,2.2250,2.2250,2.2200,0.0000,2.2200,2.2200,-10.2400,-10.2400,-10.2400,-10.2400,-10.2400,-10.2400,-10.2400,-10.2400
2025-06-15_05:06:48.108,1,1,1,1,2.2250,2.2250,2.2250,2.2250,2.2200,0.0000,2.2200,2.2200,-10.2400,-10.2400,-10.2400,-10.2400,-10.2400,-10.2400,-10.2400,-10.2400
2025-06-15_05:06:49.112,1,1,1,1,2.2250,2.2250,2.2200,2.2250,2.2200,0.0000,2.2200,2.2200,-10.2400,-10.2400,-10.2400,-10.2400,-10.2400,-10.2400,-10.2400,-10.2400
2025-06-15_05:06:50.116,1,1,1,1,2.2250,2.2250,2.2250,2.2250,2.2200,0.0000,2.2200,2.2200,-10.2400,-10.2400,-10.2400,-10.2400,-10.2400,-10.2400,-10.2400,-10.2400
2025-06-15_05:06:51.121,1,1,1,1,2.2200,2.2250,2.2250,2.2250,2.2200,0.0000,2.2200,2.2200,-10.2400,-10.2400,-10.2400,-10.2400,-10.2400,-10.2400,-10.2400,-10.2400
2025-06-15_05:06:52.125,1,1,1,1,2.2250,2.2250,2.2250,2.2250,2.2200,0.0000,2.2200,2.2200,-10.2400,-10.2400,-10.2400,-10.2400,-10.2400,-10.2400,-10.2400,-10.2400
2025-06-15_05:06:53.129,1,1,1,1,2.2200,2.2250,2.2250,2.2250,2.2200,0.0000,2.2200,2.2200,-10.2400,-10.2400,-10.2400,-10.2400,-10.2400,-10.2400,-10.2400,-10.2400
2025-06-15_05:06:54.134,1,1,1,1,2.2250,2.2250,2.2250,2.2250,2.2200,0.0000,2.2200,2.2200,-10.2400,-10.2400,-10.2400,-10.2400,-10.2400,-10.2400,-10.2400,-10.2400
2025-06-15_05:06:55.138,1,1,1,1,2.2250,2.2250,2.2250,2.2250,2.2200,0.0000,2.2200,2.2200,-10.2400,-10.2400,-10.2400,-10.2400,-10.2400,-10.2400,-10.2400,-10.2400
2025-06-15_05:06:56.142,1,1,1,1,2.2250,2.2250,2.2250,2.2250,2.2200,0.0000,2.2200,2.2200,-10.2400,-10.2400,-10.2400,-10.2400,-10.2400,-10.2400,-10.2400,-10.2400
2025-06-15_05:06:57.147,1,1,1,1,2.2200,2.2250,2.2250,2.2250,2.2200,0.0000,2.2200,2.2200,-10.2400,-10.2400,-10.2400,-10.2400,-10.2400,-10.2400,-10.2400,-10.2400
2025-06-15_05:06:58.151,1,1,1,1,2.2250,2.2250,2.2250,2.2250,2.2200,0.0000,2.2200,2.2200,-10.2400,-10.2400,-10.2400,-10.2400,-10.2400,-10.2400,-10.2400,-10.2400
2025-06-15_05:06:59.154,1,1,1,1,2.2200,2.2250,2.2250,2.2250,2.2200,0.0000,2.2200,2.2200,-10.2400,-10.2400,-10.2400,-10.2400,-10.2400,-10.2400,-10.2400,-10.2400
2025-06-15_05:07:00.159,1,1,1,1,2.2200,2.2250,2.2250,2.2250,2.2200,0.0000,2.2200,2.2200,-10.2400,-10.2400,-10.2400,-10.2400,-10.2400,-10.2400,-10.2400,-10.2400
2025-06-15_05:07:01.164,1,1,1,1,2.2250,2.2250,2.2250,2.2250,2.2200,0.0000,2.2200,2.2200,-10.2400,-10.2400,-10.2400,-10.2400,-10.2400,-10.2400,-10.2400,-10.2400
2025-06-15_05:07:02.168,1,1,1,1,2.2250,2.2250,2.2250,2.2250,2.2200,0.0000,2.2200,2.2200,-10.2400,-10.2400,-10.2400,-10.2400,-10.2400,-10.2400,-10.2400,-10.2400
2025-06-15_05:07:03.172,1,1,1,1,2.2200,2.2250,2.2250,2.2250,2.2200,0.0000,2.2200,2.2200,-10.2400,-10.2400,-10.2400,-10.2400,-10.2400,-10.2400,-10.2400,-10.2400
2025-06-15_05:07:04.177,1,1,1,1,2.2200,2.2250,2.2250,2.2250,2.2200,0.0000,2.2200,2.2200,-10.2400,-10.2400,-10.2400,-10.2400,-10.2400,-10.2400,-10.2400,-10.2400
2025-06-15_05:07:05.182,1,1,1,1,2.2200,2.2250,2.2250,2.2250,2.2200,0.0000,2.2200,2.2200,-10.2400,-10.2400,-10.2400,-10.2400,-10.2400,-10.2400,-10.2400,-10.2400
2025-06-15_05:07:06.185,1,1,1,1,2.2250,2.2250,2.2250,2.2250,2.2200,0.0000,2.2200,2.2200,-10.2400,-10.2400,-10.2400,-10.2400,-10.2400,-10.2400,-10.2400,-10.2400
2025-06-15_05:07:07.190,1,1,1,1,2.2250,2.2250,2.2250,2.2250,2.2200,0.0000,2.2200,2.2200,-10.2400,-10.2400,-10.2400,-10.2400,-10.2400,-10.2400,-10.2400,-10.2400
2025-06-15_05:07:08.195,1,1,1,1,2.2250,2.2250,2.2250,2.2250,2.2200,0.0000,2.2200,2.2200,-10.2400,-10.2400,-10.2400,-10.2400,-10.2400,-10.2400,-10.2400,-10.2400
2025-06-15_05:07:09.200,1,1,1,1,2.2250,2.2250,2.2250,2.2250,2.2200,0.0000,2.2200,2.2200,-10.2400,-10.2400,-10.2400,-10.2400,-10.2400,-10.2400,-10.2400,-10.2400
2025-06-15_05:07:10.204,1,1,1,1,2.2250,2.2250,2.2250,2.2250,2.2200,0.0000,2.2200,2.2200,-10.2400,-10.2400,-10.2400,-10.2400,-10.2400,-10.2400,-10.2400,-10.2400
2025-06-15_05:07:11.208,1,1,1,1,2.2200,2.2250,2.2250,2.2250,2.2200,0.0000,2.2200,2.2200,-10.2400,-10.2400,-10.2400,-10.2400,-10.2400,-10.2400,-10.2400,-10.2400
2025-06-15_05:07:12.212,1,1,1,1,2.2250,2.2250,2.2250,2.2250,2.2200,0.0000,2.2200,2.2200,-10.2400,-10.2400,-10.2400,-10.2400,-10.2400,-10.2400,-10.2400,-10.2400
2025-06-15_05:07:13.216,1,1,1,1,2.2200,2.2250,2.2250,2.2250,2.2200,0.0000,2.2200,2.2200,-10.2400,-10.2400,-10.2400,-10.2400,-10.2400,-10.2400,-10.2400,-10.2400
2025-06-15_05:07:14.221,1,1,1,1,2.2200,2.2250,2.2250,2.2250,2.2200,0.0000,2.2200,2.2200,-10.2400,-10.2400,-10.2400,-10.2400,-10.2400,-10.2400,-10.2400,-10.2400
2025-06-15_05:07:15.226,1,1,1,1,2.2250,2.2250,2.2250,2.2250,2.2200,0.0000,2.2200,2.2200,-10.2400,-10.2400,-10.2400,-10.2400,-10.2400,-10.2400,-10.2400,-10.2400
2025-06-15_05:07:16.230,1,1,1,1,2.2250,2.2250,2.2250,2.2250,2.2200,0.0000,2.2200,2.2200,-10.2400,-10.2400,-10.2400,-10.2400,-10.2400,-10.2400,-10.2400,-10.2400
2025-06-15_05:07:17.234,1,1,1,1,2.2250,2.2250,2.2250,2.2250,2.2200,0.0000,2.2200,2.2200,-10.2400,-10.2400,-10.2400,-10.2400,-10.2400,-10.2400,-10.2400,-10.2400
2025-06-15_05:07:18.238,1,1,1,1,2.2250,2.2250,2.2250,2.2250,2.2200,0.0000,2.2200,2.2200,-10.2400,-10.2400,-10.2400,-10.2400,-10.2400,-10.2400,-10.2400,-10.2400
2025-06-15_05:07:19.242,1,1,1,1,2.2250,2.2250,2.2250,2.2250,2.2200,0.0000,2.2200,2.2200,-10.2400,-10.2400,-10.2400,-10.2400,-10.2400,-10.2400,-10.2400,-10.2400
2025-06-15_05:07:20.245,1,1,1,1,2.2250,2.2250,2.2250,2.2250,2.2200,0.0000,2.2200,2.2200,-10.2400,-10.2400,-10.2400,-10.2400,-10.2400,-10.2400,-10.2400,-10.2400
2025-06-15_05:07:21.249,1,1,1,1,2.2250,2.2250,2.2250,2.2250,2.2200,0.0000,2.2200,2.2200,-10.2400,-10.2400,-10.2400,-10.2400,-10.2400,-10.2400,-10.2400,-10.2400
2025-06-15_05:07:22.252,1,1,1,1,2.2250,2.2250,2.2250,2.2250,2.2200,0.0000,2.2200,2.2200,-10.2400,-10.2400,-10.2400,-10.2400,-10.2400,-10.2400,-10.2400,-10.2400
2025-06-15_05:07:23.257,1,1,1,1,2.2250,2.2250,2.2250,2.2250,2.2200,0.0000,2.2200,2.2200,-10.2400,-10.2400,-10.2400,-10.2400,-10.2400,-10.2400,-10.2400,-10.2400
2025-06-15_05:07:24.262,1,1,1,1,2.2200,2.2250,2.2250,2.2250,2.2200,0.0000,2.2200,2.2200,-10.2400,-10.2400,-10.2400,-10.2400,-10.2400,-10.2400,-10.2400,-10.2400
2025-06-15_05:07:25.267,1,1,1,1,2.2250,2.2250,2.2250,2.2250,2.2200,0.0000,2.2200,2.2200,-10.2400,-10.2400,-10.2400,-10.2400,-10.2400,-10.2400,-10.2400,-10.2400
2025-06-15_05:07:26.272,1,1,1,1,2.2250,2.2250,2.2250,2.2250,2.2200,0.0000,2.2200,2.2200,-10.2400,-10.2400,-10.2400,-10.2400,-10.2400,-10.2400,-10.2400,-10.2400
2025-06-15_05:07:27.277,1,1,1,1,2.2200,2.2250,2.2250,2.2250,2.2200,0.0000,2.2200,2.2200,-10.2400,-10.2400,-10.2400,-10.2400,-10.2400,-10.2400,-10.2400,-10.2400
2025-06-15_05:07:28.283,1,1,1,1,2.2200,2.2250,2.2250,2.2250,2.2200,0.0000,2.2200,2.2200,-10.2400,-10.2400,-10.2400,-10.2400,-10.2400,-10.2400,-10.2400,-10.2400
2025-06-15_05:07:29.287,1,1,1,1,2.2250,2.2250,2.2250,2.2250,2.2200,0.0000,2.2200,2.2200,-10.2400,-10.2400,-10.2400,-10.2400,-10.2400,-10.2400,-10.2400,-10.2400
2025-06-15_05:07:30.292,1,1,1,1,2.2250,2.2250,2.2250,2.2250,2.2200,0.0000,2.2200,2.2200,-10.2400,-10.2400,-10.2400,-10.2400,-10.2400,-10.2400,-10.2400,-10.2400
2025-06-15_05:07:31.296,1,1,1,1,2.2200,2.2250,2.2250,2.2250,2.2200,0.0000,2.2200,2.2200,-10.2400,-10.2400,-10.2400,-10.2400,-10.2400,-10.2400,-10.2400,-10.2400
2025-06-15_05:07:32.300,1,1,1,1,2.2200,2.2250,2.2250,2.2250,2.2200,0.0000,2.2200,2.2200,-10.2400,-10.2400,-10.2400,-10.2400,-10.2400,-10.2400,-10.2400,-10.2400
2025-06-15_05:07:33.304,1,1,1,1,2.2200,2.2250,2.2250,2.2250,2.2200,0.0000,2.2200,2.2200,-10.2400,-10.2400,-10.2400,-10.2400,-10.2400,-10.2400,-10.2400,-10.2400
2025-06-15_05:07:34.309,1,1,1,1,2.2250,2.2250,2.2250,2.2250,2.2200,0.0000,2.2200,2.2200,-10.2400,-10.2400,-10.2400,-10.2400,-10.2400,-10.2400,-10.2400,-10.2400
2025-06-15_05:07:35.313,1,1,1,1,2.2250,2.2250,2.2250,2.2250,2.2200,0.0000,2.2200,2.2200,-10.2400,-10.2400,-10.2400,-10.2400,-10.2400,-10.2400,-10.2400,-10.2400
2025-06-15_05:07:36.317,1,1,1,1,2.2250,2.2250,2.2250,2.2250,2.2200,0.0000,2.2200,2.2200,-10.2400,-10.2400,-10.2400,-10.2400,-10.2400,-10.2400,-10.2400,-10.2400
2025-06-15_05:07:37.322,1,1,1,1,2.2200,2.2250,2.2250,2.2250,2.2200,0.0000,2.2200,2.2200,-10.2400,-10.2400,-10.2400,-10.2400,-10.2400,-10.2400,-10.2400,-10.2400
2025-06-15_05:07:38.327,1,1,1,1,2.2200,2.2250,2.2250,2.2250,2.2200,0.0000,2.2200,2.2200,-10.2400,-10.2400,-10.2400,-10.2400,-10.2400,-10.2400,-10.2400,-10.2400
2025-06-15_05:07:39.331,1,1,1,1,2.2250,2.2250,2.2250,2.2250,2.2200,0.0000,2.2200,2.2200,-10.2400,-10.2400,-10.2400,-10.2400,-10.2400,-10.2400,-10.2400,-10.2400
2025-06-15_05:07:40.336,1,1,1,1,2.2200,2.2250,2.2250,2.2250,2.2200,0.0000,2.2200,2.2200,-10.2400,-10.2400,-10.2400,-10.2400,-10.2400,-10.2400,-10.2400,-10.2400
2025-06-15_05:07:41.340,1,1,1,1,2.2250,2.2250,2.2250,2.2250,2.2200,0.0000,2.2200,2.2200,-10.2400,-10.2400,-10.2400,-10.2400,-10.2400,-10.2400,-10.2400,-10.2400
2025-06-15_05:07:42.344,1,1,1,1,2.2200,2.2250,2.2250,2.2250,2.2200,0.0000,2.2200,2.2200,-10.2400,-10.2400,-10.2400,-10.2400,-10.2400,-10.2400,-10.2400,-10.2400
2025-06-15_05:07:43.348,1,1,1,1,2.2250,2.2250,2.2250,2.2250,2.2200,0.0000,2.2200,2.2200,-10.2400,-10.2400,-10.2400,-10.2400,-10.2400,-10.2400,-10.2400,-10.2400
2025-06-15_05:07:44.352,1,1,1,1,2.2250,2.2250,2.2250,2.2250,2.2200,0.0000,2.2200,2.2200,-10.2400,-10.2400,-10.2400,-10.2400,-10.2400,-10.2400,-10.2400,-10.2400
2025-06-15_05:07:45.357,1,1,1,1,2.2250,2.2250,2.2250,2.2250,2.2200,0.0000,2.2200,2.2200,-10.2400,-10.2400,-10.2400,-10.2400,-10.2400,-10.2400,-10.2400,-10.2400
2025-06-15_05:07:46.362,1,1,1,1,2.2250,2.2250,2.2250,2.2250,2.2200,0.0000,2.2200,2.2200,-10.2400,-10.2400,-10.2400,-10.2400,-10.2400,-10.2400,-10.2400,-10.2400
2025-06-15_05:07:47.367,1,1,1,1,2.2250,2.2250,2.2250,2.2250,2.2200,0.0000,2.2200,2.2200,-10.2400,-10.2400,-10.2400,-10.2400,-10.2400,-10.2400,-10.2400,-10.2400
2025-06-15_05:07:48.372,1,1,1,1,2.2250,2.2250,2.2250,2.2250,2.2200,0.0000,2.2200,2.2200,-10.2400,-10.2400,-10.2400,-10.2400,-10.2400,-10.2400,-10.2400,-10.2400
2025-06-15_05:07:49.377,1,1,1,1,2.2250,2.2250,2.2250,2.2250,2.2200,0.0000,2.2200,2.2200,-10.2400,-10.2400,-10.2400,-10.2400,-10.2400,-10.2400,-10.2400,-10.2400
2025-06-15_05:07:50.382,1,1,1,1,2.2250,2.2250,2.2250,2.2250,2.2200,0.0000,2.2200,2.2200,-10.2400,-10.2400,-10.2400,-10.2400,-10.2400,-10.2400,-10.2400,-10.2400
2025-06-15_05:07:51.386,1,1,1,1,2.2250,2.2250,2.2250,2.2250,2.2200,0.0000,2.2200,2.2200,-10.2400,-10.2400,-10.2400,-10.2400,-10.2400,-10.2400,-10.2400,-10.2400
2025-06-15_05:07:52.390,1,1,1,1,2.2200,2.2250,2.2250,2.2250,2.2200,0.0000,2.2200,2.2200,-10.2400,-10.2400,-10.2400,-10.2400,-10.2400,-10.2400,-10.2400,-10.2400
2025-06-15_05:07:53.394,1,1,1,1,2.2200,2.2250,2.2250,2.2250,2.2200,0.0000,2.2200,2.2200,-10.2400,-10.2400,-10.2400,-10.2400,-10.2400,-10.2400,-10.2400,-10.2400
2025-06-15_05:07:54.399,1,1,1,1,2.2250,2.2250,2.2250,2.2250,2.2200,0.0000,2.2200,2.2200,-10.2400,-10.2400,-10.2400,-10.2400,-10.2400,-10.2400,-10.2400,-10.2400
2025-06-15_05:07:55.403,1,1,1,1,2.2250,2.2250,2.2250,2.2250,2.2200,0.0000,2.2200,2.2200,-10.2400,-10.2400,-10.2400,-10.2400,-10.2400,-10.2400,-10.2400,-10.2400
2025-06-15_05:07:56.408,1,1,1,1,2.2250,2.2250,2.2250,2.2250,2.2200,0.0000,2.2200,2.2200,-10.2400,-10.2400,-10.2400,-10.2400,-10.2400,-10.2400,-10.2400,-10.2400
2025-06-15_05:07:57.411,1,1,1,1,2.2250,2.2250,2.2250,2.2250,2.2200,0.0000,2.2200,2.2200,-10.2400,-10.2400,-10.2400,-10.2400,-10.2400,-10.2400,-10.2400,-10.2400
2025-06-15_05:07:58.415,1,1,1,1,2.2200,2.2250,2.2250,2.2250,2.2200,0.0000,2.2200,2.2200,-10.2400,-10.2400,-10.2400,-10.2400,-10.2400,-10.2400,-10.2400,-10.2400
2025-06-15_05:07:59.419,1,1,1,1,2.2250,2.2250,2.2250,2.2250,2.2200,0.0000,2.2200,2.2200,-10.2400,-10.2400,-10.2400,-10.2400,-10.2400,-10.2400,-10.2400,-10.2400
2025-06-15_05:08:00.424,1,1,1,1,2.2200,2.2250,2.2250,2.2250,2.2200,0.0000,2.2200,2.2200,-10.2400,-10.2400,-10.2400,-10.2400,-10.2400,-10.2400,-10.2400,-10.2400
2025-06-15_05:08:01.428,1,1,1,1,2.2250,2.2250,2.2250,2.2250,2.2200,0.0000,2.2200,2.2200,-10.2400,-10.2400,-10.2400,-10.2400,-10.2400,-10.2400,-10.2400,-10.2400
2025-06-15_05:08:02.431,1,1,1,1,2.2250,2.2250,2.2250,2.2250,2.2200,0.0000,2.2200,2.2200,-10.2400,-10.2400,-10.2400,-10.2400,-10.2400,-10.2400,-10.2400,-10.2400
2025-06-15_05:08:03.435,1,1,1,1,2.2250,2.2250,2.2250,2.2250,2.2200,0.0000,2.2200,2.2200,-10.2400,-10.2400,-10.2400,-10.2400,-10.2400,-10.2400,-10.2400,-10.2400
2025-06-15_05:08:04.438,1,1,1,1,2.2250,2.2250,2.2250,2.2250,2.2200,0.0000,2.2200,2.2200,-10.2400,-10.2400,-10.2400,-10.2400,-10.2400,-10.2400,-10.2400,-10.2400
2025-06-15_05:08:05.442,1,1,1,1,2.2250,2.2250,2.2250,2.2250,2.2200,0.0000,2.2200,2.2200,-10.2400,-10.2400,-10.2400,-10.2400,-10.2400,-10.2400,-10.2400,-10.2400
2025-06-15_05:08:06.445,1,1,1,1,2.2250,2.2250,2.2250,2.2250,2.2200,0.0000,2.2200,2.2200,-10.2400,-10.2400,-10.2400,-10.2400,-10.2400,-10.2400,-10.2400,-10.2400
2025-06-15_05:08:07.450,1,1,1,1,2.2250,2.2250,2.2250,2.2250,2.2200,0.0000,2.2200,2.2200,-10.2400,-10.2400,-10.2400,-10.2400,-10.2400,-10.2400,-10.2400,-10.2400
2025-06-15_05:08:08.454,1,1,1,1,2.2250,2.2250,2.2250,2.2250,2.2200,0.0000,2.2200,2.2200,-10.2400,-10.2400,-10.2400,-10.2400,-10.2400,-10.2400,-10.2400,-10.2400
2025-06-15_05:08:09.457,1,1,1,1,2.2250,2.2250,2.2250,2.2250,2.2200,0.0000,2.2200,2.2200,-10.2400,-10.2400,-10.2400,-10.2400,-10.2400,-10.2400,-10.2400,-10.2400
2025-06-15_05:08:10.460,1,1,1,1,2.2250,2.2250,2.2250,2.2250,2.2200,0.0000,2.2200,2.2200,-10.2400,-10.2400,-10.2400,-10.2400,-10.2400,-10.2400,-10.2400,-10.2400
2025-06-15_05:08:11.464,1,1,1,1,2.2250,2.2250,2.2250,2.2250,2.2200,0.0000,2.2200,2.2200,-10.2400,-10.2400,-10.2400,-10.2400,-10.2400,-10.2400,-10.2400,-10.2400
2025-06-15_05:08:12.468,1,1,1,1,2.2250,2.2250,2.2250,2.2250,2.2200,0.0000,2.2200,2.2200,-10.2400,-10.2400,-10.2400,-10.2400,-10.2400,-10.2400,-10.2400,-10.2400
2025-06-15_05:08:13.473,1,1,1,1,2.2250,2.2250,2.2250,2.2250,2.2200,0.0000,2.2200,2.2200,-10.2400,-10.2400,-10.2400,-10.2400,-10.2400,-10.2400,-10.2400,-10.2400
2025-06-15_05:08:14.477,1,1,1,1,2.2200,2.2250,2.2250,2.2250,2.2200,0.0000,2.2200,2.2200,-10.2400,-10.2400,-10.2400,-10.2400,-10.2400,-10.2400,-10.2400,-10.2400
2025-06-15_05:08:15.481,1,1,1,1,2.2200,2.2250,2.2250,2.2250,2.2200,0.0000,2.2200,2.2200,-10.2400,-10.2400,-10.2400,-10.2400,-10.2400,-10.2400,-10.2400,-10.2400
2025-06-15_05:08:16.485,1,1,1,1,2.2250,2.2250,2.2250,2.2250,2.2200,0.0000,2.2200,2.2200,-10.2400,-10.2400,-10.2400,-10.2400,-10.2400,-10.2400,-10.2400,-10.2400
2025-06-15_05:08:17.489,1,1,1,1,2.2250,2.2250,2.2250,2.2250,2.2200,0.0000,2.2200,2.2200,-10.2400,-10.2400,-10.2400,-10.2400,-10.2400,-10.2400,-10.2400,-10.2400
2025-06-15_05:08:18.494,1,1,1,1,2.2250,2.2250,2.2250,2.2250,2.2200,0.0000,2.2200,2.2200,-10.2400,-10.2400,-10.2400,-10.2400,-10.2400,-10.2400,-10.2400,-10.2400
2025-06-15_05:08:19.498,1,1,1,1,2.2200,2.2250,2.2250,2.2250,2.2200,0.0000,2.2200,2.2200,-10.2400,-10.2400,-10.2400,-10.2400,-10.2400,-10.2400,-10.2400,-10.2400
2025-06-15_05:08:20.503,1,1,1,1,2.2200,2.2250,2.2250,2.2250,2.2200,0.0000,2.2200,2.2200,-10.2400,-10.2400,-10.2400,-10.2400,-10.2400,-10.2400,-10.2400,-10.2400
2025-06-15_05:08:21.508,1,1,1,1,2.2200,2.2250,2.2250,2.2250,2.2200,0.0000,2.2200,2.2200,-10.2400,-10.2400,-10.2400,-10.2400,-10.2400,-10.2400,-10.2400,-10.2400
2025-06-15_05:08:22.512,1,1,1,1,2.2250,2.2250,2.2250,2.2250,2.2200,0.0000,2.2200,2.2200,-10.2400,-10.2400,-10.2400,-10.2400,-10.2400,-10.2400,-10.2400,-10.2400
2025-06-15_05:08:23.516,1,1,1,1,2.2200,2.2250,2.2250,2.2250,2.2200,0.0000,2.2200,2.2200,-10.2400,-10.2400,-10.2400,-10.2400,-10.2400,-10.2400,-10.2400,-10.2400
2025-06-15_05:08:24.520,1,1,1,1,2.2250,2.2250,2.2250,2.2250,2.2200,0.0000,2.2200,2.2200,-10.2400,-10.2400,-10.2400,-10.2400,-10.2400,-10.2400,-10.2400,-10.2400
2025-06-15_05:08:25.523,1,1,1,1,2.2200,2.2250,2.2250,2.2250,2.2200,0.0000,2.2200,2.2200,-10.2400,-10.2400,-10.2400,-10.2400,-10.2400,-10.2400,-10.2400,-10.2400
2025-06-15_05:08:26.527,1,1,1,1,2.2200,2.2250,2.2250,2.2250,2.2200,0.0000,2.2200,2.2200,-10.2400,-10.2400,-10.2400,-10.2400,-10.2400,-10.2400,-10.2400,-10.2400
2025-06-15_05:08:27.531,1,1,1,1,2.2250,2.2250,2.2250,2.2250,2.2200,0.0000,2.2200,2.2200,-10.2400,-10.2400,-10.2400,-10.2400,-10.2400,-10.2400,-10.2400,-10.2400
2025-06-15_05:08:28.536,1,1,1,1,2.2200,2.2250,2.2250,2.2250,2.2200,0.0000,2.2200,2.2200,-10.2400,-10.2400,-10.2400,-10.2400,-10.2400,-10.2400,-10.2400,-10.2400
2025-06-15_05:08:29.540,1,1,1,1,2.2250,2.2250,2.2250,2.2250,2.2200,0.0000,2.2200,2.2200,-10.2400,-10.2400,-10.2400,-10.2400,-10.2400,-10.2400,-10.2400,-10.2400
2025-06-15_05:08:30.543,1,1,1,1,2.2250,2.2250,2.2250,2.2250,2.2200,0.0000,2.2200,2.2200,-10.2400,-10.2400,-10.2400,-10.2400,-10.2400,-10.2400,-10.2400,-10.2400
2025-06-15_05:08:31.548,1,1,1,1,2.2250,2.2250,2.2250,2.2250,2.2200,0.0000,2.2200,2.2200,-10.2400,-10.2400,-10.2400,-10.2400,-10.2400,-10.2400,-10.2400,-10.2400
2025-06-15_05:08:32.553,1,1,1,1,2.2200,2.2250,2.2250,2.2250,2.2200,0.0000,2.2200,2.2200,-10.2400,-10.2400,-10.2400,-10.2400,-10.2400,-10.2400,-10.2400,-10.2400
2025-06-15_05:08:33.558,1,1,1,1,2.2200,2.2250,2.2250,2.2250,2.2200,0.0000,2.2200,2.2200,-10.2400,-10.2400,-10.2400,-10.2400,-10.2400,-10.2400,-10.2400,-10.2400
2025-06-15_05:08:34.562,1,1,1,1,2.2200,2.2250,2.2250,2.2250,2.2200,0.0000,2.2200,2.2200,-10.2400,-10.2400,-10.2400,-10.2400,-10.2400,-10.2400,-10.2400,-10.2400
2025-06-15_05:08:35.567,1,1,1,1,2.2200,2.2250,2.2250,2.2250,2.2200,0.0000,2.2200,2.2200,-10.2400,-10.2400,-10.2400,-10.2400,-10.2400,-10.2400,-10.2400,-10.2400
2025-06-15_05:08:36.572,1,1,1,1,2.2250,2.2250,2.2250,2.2250,2.2200,0.0000,2.2200,2.2200,-10.2400,-10.2400,-10.2400,-10.2400,-10.2400,-10.2400,-10.2400,-10.2400
2025-06-15_05:08:37.576,1,1,1,1,2.2200,2.2250,2.2250,2.2250,2.2200,0.0000,2.2200,2.2200,-10.2400,-10.2400,-10.2400,-10.2400,-10.2400,-10.2400,-10.2400,-10.2400
2025-06-15_05:08:38.580,1,1,1,1,2.2200,2.2250,2.2250,2.2250,2.2200,0.0000,2.2200,2.2200,-10.2400,-10.2400,-10.2400,-10.2400,-10.2400,-10.2400,-10.2400,-10.2400
2025-06-15_05:08:39.584,1,1,1,1,2.2250,2.2250,2.2250,2.2250,2.2200,0.0000,2.2200,2.2200,-10.2400,-10.2400,-10.2400,-10.2400,-10.2400,-10.2400,-10.2400,-10.2400
2025-06-15_05:08:40.588,1,1,1,1,2.2250,2.2250,2.2250,2.2250,2.2200,0.0000,2.2200,2.2200,-10.2400,-10.2400,-10.2400,-10.2400,-10.2400,-10.2400,-10.2400,-10.2400
2025-06-15_05:08:41.593,1,1,1,1,2.2200,2.2250,2.2250,2.2250,2.2200,0.0000,2.2200,2.2200,-10.2400,-10.2400,-10.2400,-10.2400,-10.2400,-10.2400,-10.2400,-10.2400
2025-06-15_05:08:42.596,1,1,1,1,2.2250,2.2250,2.2250,2.2250,2.2200,0.0000,2.2200,2.2200,-10.2400,-10.2400,-10.2400,-10.2400,-10.2400,-10.2400,-10.2400,-10.2400
2025-06-15_05:08:43.600,1,1,1,1,2.2200,2.2250,2.2250,2.2250,2.2200,0.0000,2.2200,2.2200,-10.2400,-10.2400,-10.2400,-10.2400,-10.2400,-10.2400,-10.2400,-10.2400
2025-06-15_05:08:44.603,1,1,1,1,2.2200,2.2250,2.2250,2.2250,2.2200,0.0000,2.2200,2.2200,-10.2400,-10.2400,-10.2400,-10.2400,-10.2400,-10.2400,-10.2400,-10.2400
2025-06-15_05:08:45.608,1,1,1,1,2.2250,2.2250,2.2250,2.2250,2.2200,0.0000,2.2200,2.2200,-10.2400,-10.2400,-10.2400,-10.2400,-10.2400,-10.2400,-10.2400,-10.2400
2025-06-15_05:08:46.612,1,1,1,1,2.2250,2.2250,2.2250,2.2250,2.2200,0.0000,2.2200,2.2200,-10.2400,-10.2400,-10.2400,-10.2400,-10.2400,-10.2400,-10.2400,-10.2400
2025-06-15_05:08:47.617,1,1,1,1,2.2200,2.2250,2.2250,2.2250,2.2200,0.0000,2.2200,2.2200,-10.2400,-10.2400,-10.2400,-10.2400,-10.2400,-10.2400,-10.2400,-10.2400
2025-06-15_05:08:48.621,1,1,1,1,2.2250,2.2250,2.2250,2.2250,2.2200,0.0000,2.2200,2.2200,-10.2400,-10.2400,-10.2400,-10.2400,-10.2400,-10.2400,-10.2400,-10.2400
2025-06-15_05:08:49.626,1,1,1,1,2.2250,2.2250,2.2250,2.2250,2.2200,0.0000,2.2200,2.2200,-10.2400,-10.2400,-10.2400,-10.2400,-10.2400,-10.2400,-10.2400,-10.2400
2025-06-15_05:08:50.630,1,1,1,1,2.2200,2.2250,2.2250,2.2250,2.2200,0.0000,2.2200,2.2200,-10.2400,-10.2400,-10.2400,-10.2400,-10.2400,-10.2400,-10.2400,-10.2400
2025-06-15_05:08:51.635,1,1,1,1,2.2200,2.2250,2.2250,2.2250,2.2200,0.0000,2.2200,2.2200,-10.2400,-10.2400,-10.2400,-10.2400,-10.2400,-10.2400,-10.2400,-10.2400
2025-06-15_05:08:52.640,1,1,1,1,2.2250,2.2250,2.2250,2.2250,2.2200,0.0000,2.2200,2.2200,-10.2400,-10.2400,-10.2400,-10.2400,-10.2400,-10.2400,-10.2400,-10.2400
2025-06-15_05:08:53.644,1,1,1,1,2.2200,2.2250,2.2250,2.2250,2.2200,0.0000,2.2200,2.2200,-10.2400,-10.2400,-10.2400,-10.2400,-10.2400,-10.2400,-10.2400,-10.2400
2025-06-15_05:08:54.648,1,1,1,1,2.2200,2.2250,2.2250,2.2250,2.2200,0.0000,2.2200,2.2200,-10.2400,-10.2400,-10.2400,-10.2400,-10.2400,-10.2400,-10.2400,-10.2400
2025-06-15_05:08:55.652,1,1,1,1,2.2200,2.2250,2.2250,2.2250,2.2200,0.0000,2.2200,2.2200,-10.2400,-10.2400,-10.2400,-10.2400,-10.2400,-10.2400,-10.2400,-10.2400
2025-06-15_05:08:56.656,1,1,1,1,2.2250,2.2250,2.2250,2.2250,2.2200,0.0000,2.2200,2.2200,-10.2400,-10.2400,-10.2400,-10.2400,-10.2400,-10.2400,-10.2400,-10.2400
2025-06-15_05:08:57.659,1,1,1,1,2.2250,2.2250,2.2250,2.2250,2.2200,0.0000,2.2200,2.2200,-10.2400,-10.2400,-10.2400,-10.2400,-10.2400,-10.2400,-10.2400,-10.2400
2025-06-15_05:08:58.665,1,1,1,1,2.2250,2.2250,2.2200,2.2250,2.2200,0.0000,2.2200,2.2200,-10.2400,-10.2400,-10.2400,-10.2400,-10.2400,-10.2400,-10.2400,-10.2400
2025-06-15_05:08:59.668,1,1,1,1,2.2250,2.2250,2.2250,2.2250,2.2200,0.0000,2.2200,2.2200,-10.2400,-10.2400,-10.2400,-10.2400,-10.2400,-10.2400,-10.2400,-10.2400
2025-06-15_05:09:00.671,1,1,1,1,2.2250,2.2250,2.2250,2.2250,2.2200,0.0000,2.2200,2.2200,-10.2400,-10.2400,-10.2400,-10.2400,-10.2400,-10.2400,-10.2400,-10.2400
2025-06-15_05:09:01.675,1,1,1,1,2.2200,2.2250,2.2250,2.2250,2.2200,0.0000,2.2200,2.2200,-10.2400,-10.2400,-10.2400,-10.2400,-10.2400,-10.2400,-10.2400,-10.2400
2025-06-15_05:09:02.680,1,1,1,1,2.2250,2.2250,2.2250,2.2250,2.2200,0.0000,2.2200,2.2200,-10.2400,-10.2400,-10.2400,-10.2400,-10.2400,-10.2400,-10.2400,-10.2400
2025-06-15_05:09:03.684,1,1,1,1,2.2200,2.2250,2.2250,2.2250,2.2200,0.0000,2.2200,2.2200,-10.2400,-10.2400,-10.2400,-10.2400,-10.2400,-10.2400,-10.2400,-10.2400
2025-06-15_05:09:04.689,1,1,1,1,2.2200,2.2250,2.2250,2.2250,2.2200,0.0000,2.2200,2.2200,-10.2400,-10.2400,-10.2400,-10.2400,-10.2400,-10.2400,-10.2400,-10.2400
2025-06-15_05:09:05.693,1,1,1,1,2.2200,2.2250,2.2250,2.2250,2.2200,0.0000,2.2200,2.2200,-10.2400,-10.2400,-10.2400,-10.2400,-10.2400,-10.2400,-10.2400,-10.2400
2025-06-15_05:09:06.699,1,1,1,1,2.2200,2.2250,2.2250,2.2250,2.2200,0.0000,2.2200,2.2200,-10.2400,-10.2400,-10.2400,-10.2400,-10.2400,-10.2400,-10.2400,-10.2400
2025-06-15_05:09:07.703,1,1,1,1,2.2200,2.2250,2.2250,2.2250,2.2200,0.0000,2.2200,2.2200,-10.2400,-10.2400,-10.2400,-10.2400,-10.2400,-10.2400,-10.2400,-10.2400
2025-06-15_05:09:08.707,1,1,1,1,2.2200,2.2250,2.2250,2.2250,2.2200,0.0000,2.2200,2.2200,-10.2400,-10.2400,-10.2400,-10.2400,-10.2400,-10.2400,-10.2400,-10.2400
2025-06-15_05:09:09.712,1,1,1,1,2.2250,2.2250,2.2250,2.2250,2.2200,0.0000,2.2200,2.2200,-10.2400,-10.2400,-10.2400,-10.2400,-10.2400,-10.2400,-10.2400,-10.2400
2025-06-15_05:09:10.716,1,1,1,1,2.2200,2.2250,2.2250,2.2250,2.2200,0.0000,2.2200,2.2200,-10.2400,-10.2400,-10.2400,-10.2400,-10.2400,-10.2400,-10.2400,-10.2400
2025-06-15_05:09:11.720,1,1,1,1,2.2200,2.2250,2.2250,2.2250,2.2200,0.0000,2.2200,2.2200,-10.2400,-10.2400,-10.2400,-10.2400,-10.2400,-10.2400,-10.2400,-10.2400
2025-06-15_05:09:12.724,1,1,1,1,2.2250,2.2250,2.2250,2.2250,2.2200,0.0000,2.2200,2.2200,-10.2400,-10.2400,-10.2400,-10.2400,-10.2400,-10.2400,-10.2400,-10.2400
2025-06-15_05:09:13.729,1,1,1,1,2.2250,2.2250,2.2250,2.2250,2.2200,0.0000,2.2200,2.2200,-10.2400,-10.2400,-10.2400,-10.2400,-10.2400,-10.2400,-10.2400,-10.2400
2025-06-15_05:09:14.733,1,1,1,1,2.2250,2.2250,2.2250,2.2250,2.2200,0.0000,2.2200,2.2200,-10.2400,-10.2400,-10.2400,-10.2400,-10.2400,-10.2400,-10.2400,-10.2400
2025-06-15_05:09:15.737,1,1,1,1,2.2250,2.2250,2.2250,2.2250,2.2200,0.0000,2.2200,2.2200,-10.2400,-10.2400,-10.2400,-10.2400,-10.2400,-10.2400,-10.2400,-10.2400
2025-06-15_05:09:16.740,1,1,1,1,2.2250,2.2250,2.2250,2.2250,2.2200,0.0000,2.2200,2.2200,-10.2400,-10.2400,-10.2400,-10.2400,-10.2400,-10.2400,-10.2400,-10.2400
2025-06-15_05:09:17.743,1,1,1,1,2.2250,2.2250,2.2250,2.2250,2.2200,0.0000,2.2200,2.2200,-10.2400,-10.2400,-10.2400,-10.2400,-10.2400,-10.2400,-10.2400,-10.2400
2025-06-15_05:09:18.746,1,1,1,1,2.2250,2.2250,2.2250,2.2250,2.2200,0.0000,2.2200,2.2200,-10.2400,-10.2400,-10.2400,-10.2400,-10.2400,-10.2400,-10.2400,-10.2400
2025-06-15_05:09:19.750,1,1,1,1,2.2200,2.2250,2.2250,2.2250,2.2200,0.0000,2.2200,2.2200,-10.2400,-10.2400,-10.2400,-10.2400,-10.2400,-10.2400,-10.2400,-10.2400
2025-06-15_05:09:20.755,1,1,1,1,2.2250,2.2250,2.2250,2.2250,2.2200,0.0000,2.2200,2.2200,-10.2400,-10.2400,-10.2400,-10.2400,-10.2400,-10.2400,-10.2400,-10.2400
2025-06-15_05:09:21.759,1,1,1,1,2.2250,2.2250,2.2250,2.2250,2.2200,0.0000,2.2200,2.2200,-10.2400,-10.2400,-10.2400,-10.2400,-10.2400,-10.2400,-10.2400,-10.2400
2025-06-15_05:09:22.764,1,1,1,1,2.2250,2.2250,2.2250,2.2250,2.2200,0.0000,2.2200,2.2200,-10.2400,-10.2400,-10.2400,-10.2400,-10.2400,-10.2400,-10.2400,-10.2400
2025-06-15_05:09:23.769,1,1,1,1,2.2200,2.2250,2.2250,2.2250,2.2200,0.0000,2.2200,2.2200,-10.2400,-10.2400,-10.2400,-10.2400,-10.2400,-10.2400,-10.2400,-10.2400
2025-06-15_05:09:24.774,1,1,1,1,2.2250,2.2250,2.2200,2.2250,2.2200,0.0000,2.2200,2.2200,-10.2400,-10.2400,-10.2400,-10.2400,-10.2400,-10.2400,-10.2400,-10.2400
2025-06-15_05:09:25.779,1,1,1,1,2.2250,2.2250,2.2250,2.2250,2.2200,0.0000,2.2200,2.2200,-10.2400,-10.2400,-10.2400,-10.2400,-10.2400,-10.2400,-10.2400,-10.2400
2025-06-15_05:09:26.784,1,1,1,1,2.2200,2.2250,2.2250,2.2250,2.2200,0.0000,2.2200,2.2200,-10.2400,-10.2400,-10.2400,-10.2400,-10.2400,-10.2400,-10.2400,-10.2400
2025-06-15_05:09:27.789,1,1,1,1,2.2200,2.2250,2.2250,2.2250,2.2200,0.0000,2.2200,2.2200,-10.2400,-10.2400,-10.2400,-10.2400,-10.2400,-10.2400,-10.2400,-10.2400
2025-06-15_05:09:28.793,1,1,1,1,2.2250,2.2250,2.2250,2.2250,2.2200,0.0000,2.2200,2.2200,-10.2400,-10.2400,-10.2400,-10.2400,-10.2400,-10.2400,-10.2400,-10.2400
2025-06-15_05:09:29.798,1,1,1,1,2.2250,2.2250,2.2250,2.2250,2.2200,0.0000,2.2200,2.2200,-10.2400,-10.2400,-10.2400,-10.2400,-10.2400,-10.2400,-10.2400,-10.2400
2025-06-15_05:09:30.803,1,1,1,1,2.2250,2.2250,2.2250,2.2250,2.2200,0.0000,2.2200,2.2200,-10.2400,-10.2400,-10.2400,-10.2400,-10.2400,-10.2400,-10.2400,-10.2400
2025-06-15_05:09:31.807,1,1,1,1,2.2200,2.2250,2.2250,2.2250,2.2200,0.0000,2.2200,2.2200,-10.2400,-10.2400,-10.2400,-10.2400,-10.2400,-10.2400,-10.2400,-10.2400
2025-06-15_05:09:32.812,1,1,1,1,2.2250,2.2250,2.2250,2.2250,2.2200,0.0000,2.2200,2.2200,-10.2400,-10.2400,-10.2400,-10.2400,-10.2400,-10.2400,-10.2400,-10.2400
2025-06-15_05:09:33.816,1,1,1,1,2.2200,2.2250,2.2250,2.2250,2.2200,0.0000,2.2200,2.2200,-10.2400,-10.2400,-10.2400,-10.2400,-10.2400,-10.2400,-10.2400,-10.2400
2025-06-15_05:09:34.820,1,1,1,1,2.2250,2.2250,2.2250,2.2250,2.2200,0.0000,2.2200,2.2200,-10.2400,-10.2400,-10.2400,-10.2400,-10.2400,-10.2400,-10.2400,-10.2400
2025-06-15_05:09:35.823,1,1,1,1,2.2250,2.2250,2.2250,2.2250,2.2200,0.0000,2.2200,2.2200,-10.2400,-10.2400,-10.2400,-10.2400,-10.2400,-10.2400,-10.2400,-10.2400
2025-06-15_05:09:36.827,1,1,1,1,2.2200,2.2250,2.2250,2.2250,2.2200,0.0000,2.2200,2.2200,-10.2400,-10.2400,-10.2400,-10.2400,-10.2400,-10.2400,-10.2400,-10.2400
2025-06-15_05:09:37.831,1,1,1,1,2.2250,2.2250,2.2250,2.2250,2.2200,0.0000,2.2200,2.2200,-10.2400,-10.2400,-10.2400,-10.2400,-10.2400,-10.2400,-10.2400,-10.2400
2025-06-15_05:09:38.838,1,1,1,1,2.2250,2.2250,2.2250,2.2250,2.2200,0.0000,2.2200,2.2200,-10.2400,-10.2400,-10.2400,-10.2400,-10.2400,-10.2400,-10.2400,-10.2400
2025-06-15_05:09:39.843,1,1,1,1,2.2200,2.2250,2.2250,2.2250,2.2200,0.0000,2.2200,2.2200,-10.2400,-10.2400,-10.2400,-10.2400,-10.2400,-10.2400,-10.2400,-10.2400
2025-06-15_05:09:40.846,1,1,1,1,2.2250,2.2250,2.2250,2.2250,2.2200,0.0000,2.2200,2.2200,-10.2400,-10.2400,-10.2400,-10.2400,-10.2400,-10.2400,-10.2400,-10.2400
2025-06-15_05:09:41.851,1,1,1,1,2.2250,2.2250,2.2250,2.2250,2.2200,0.0000,2.2200,2.2200,-10.2400,-10.2400,-10.2400,-10.2400,-10.2400,-10.2400,-10.2400,-10.2400
2025-06-15_05:09:42.855,1,1,1,1,2.2250,2.2250,2.2250,2.2250,2.2200,0.0000,2.2200,2.2200,-10.2400,-10.2400,-10.2400,-10.2400,-10.2400,-10.2400,-10.2400,-10.2400
2025-06-15_05:09:43.859,1,1,1,1,2.2250,2.2250,2.2250,2.2250,2.2200,0.0000,2.2200,2.2200,-10.2400,-10.2400,-10.2400,-10.2400,-10.2400,-10.2400,-10.2400,-10.2400
2025-06-15_05:09:44.864,1,1,1,1,2.2250,2.2250,2.2250,2.2250,2.2200,0.0000,2.2200,2.2200,-10.2400,-10.2400,-10.2400,-10.2400,-10.2400,-10.2400,-10.2400,-10.2400
2025-06-15_05:09:45.868,1,1,1,1,2.2250,2.2250,2.2250,2.2250,2.2200,0.0000,2.2200,2.2200,-10.2400,-10.2400,-10.2400,-10.2400,-10.2400,-10.2400,-10.2400,-10.2400
2025-06-15_05:09:46.871,1,1,1,1,2.2250,2.2250,2.2250,2.2250,2.2200,0.0000,2.2200,2.2200,-10.2400,-10.2400,-10.2400,-10.2400,-10.2400,-10.2400,-10.2400,-10.2400
2025-06-15_05:09:47.876,1,1,1,1,2.2250,2.2250,2.2250,2.2250,2.2200,0.0000,2.2200,2.2200,-10.2400,-10.2400,-10.2400,-10.2400,-10.2400,-10.2400,-10.2400,-10.2400
2025-06-15_05:09:48.881,1,1,1,1,2.2250,2.2250,2.2250,2.2250,2.2200,0.0000,2.2200,2.2200,-10.2400,-10.2400,-10.2400,-10.2400,-10.2400,-10.2400,-10.2400,-10.2400
2025-06-15_05:09:49.885,1,1,1,1,2.2250,2.2250,2.2250,2.2250,2.2200,0.0000,2.2200,2.2200,-10.2400,-10.2400,-10.2400,-10.2400,-10.2400,-10.2400,-10.2400,-10.2400
2025-06-15_05:09:50.889,1,1,1,1,2.2250,2.2250,2.2250,2.2250,2.2200,0.0000,2.2200,2.2200,-10.2400,-10.2400,-10.2400,-10.2400,-10.2400,-10.2400,-10.2400,-10.2400
2025-06-15_05:09:51.894,1,1,1,1,2.2200,2.2250,2.2250,2.2250,2.2200,0.0000,2.2200,2.2200,-10.2400,-10.2400,-10.2400,-10.2400,-10.2400,-10.2400,-10.2400,-10.2400
2025-06-15_05:09:52.899,1,1,1,1,2.2250,2.2250,2.2250,2.2250,2.2200,0.0000,2.2200,2.2200,-10.2400,-10.2400,-10.2400,-10.2400,-10.2400,-10.2400,-10.2400,-10.2400
2025-06-15_05:09:53.904,1,1,1,1,2.2200,2.2250,2.2250,2.2250,2.2200,0.0000,2.2200,2.2200,-10.2400,-10.2400,-10.2400,-10.2400,-10.2400,-10.2400,-10.2400,-10.2400
2025-06-15_05:09:54.908,1,1,1,1,2.2250,2.2250,2.2250,2.2250,2.2200,0.0000,2.2200,2.2200,-10.2400,-10.2400,-10.2400,-10.2400,-10.2400,-10.2400,-10.2400,-10.2400
2025-06-15_05:09:55.911,1,1,1,1,2.2250,2.2250,2.2250,2.2250,2.2200,0.0000,2.2200,2.2200,-10.2400,-10.2400,-10.2400,-10.2400,-10.2400,-10.2400,-10.2400,-10.2400
2025-06-15_05:09:56.916,1,1,1,1,2.2250,2.2250,2.2250,2.2250,2.2200,0.0000,2.2200,2.2200,-10.2400,-10.2400,-10.2400,-10.2400,-10.2400,-10.2400,-10.2400,-10.2400
2025-06-15_05:09:57.920,1,1,1,1,2.2250,2.2250,2.2250,2.2250,2.2200,0.0000,2.2200,2.2200,-10.2400,-10.2400,-10.2400,-10.2400,-10.2400,-10.2400,-10.2400,-10.2400
2025-06-15_05:09:58.926,1,1,1,1,2.2200,2.2250,2.2250,2.2250,2.2200,0.0000,2.2200,2.2200,-10.2400,-10.2400,-10.2400,-10.2400,-10.2400,-10.2400,-10.2400,-10.2400
2025-06-15_05:09:59.931,1,1,1,1,2.2250,2.2250,2.2250,2.2250,2.2200,0.0000,2.2200,2.2200,-10.2400,-10.2400,-10.2400,-10.2400,-10.2400,-10.2400,-10.2400,-10.2400
2025-06-15_05:10:00.936,1,1,1,1,2.2250,2.2250,2.2250,2.2250,2.2200,0.0000,2.2200,2.2200,-10.2400,-10.2400,-10.2400,-10.2400,-10.2400,-10.2400,-10.2400,-10.2400
2025-06-15_05:10:01.940,1,1,1,1,2.2250,2.2250,2.2250,2.2250,2.2200,0.0000,2.2200,2.2200,-10.2400,-10.2400,-10.2400,-10.2400,-10.2400,-10.2400,-10.2400,-10.2400
2025-06-15_05:10:02.944,1,1,1,1,2.2250,2.2250,2.2250,2.2250,2.2200,0.0000,2.2200,2.2200,-10.2400,-10.2400,-10.2400,-10.2400,-10.2400,-10.2400,-10.2400,-10.2400
2025-06-15_05:10:03.949,1,1,1,1,2.2250,2.2250,2.2250,2.2250,2.2200,0.0000,2.2200,2.2200,-10.2400,-10.2400,-10.2400,-10.2400,-10.2400,-10.2400,-10.2400,-10.2400
2025-06-15_05:10:04.955,1,1,1,1,2.2200,2.2250,2.2250,2.2250,2.2200,0.0000,2.2200,2.2200,-10.2400,-10.2400,-10.2400,-10.2400,-10.2400,-10.2400,-10.2400,-10.2400
2025-06-15_05:10:05.960,1,1,1,1,2.2250,2.2250,2.2250,2.2250,2.2200,0.0000,2.2200,2.2200,-10.2400,-10.2400,-10.2400,-10.2400,-10.2400,-10.2400,-10.2400,-10.2400
2025-06-15_05:10:06.963,1,1,1,1,2.2250,2.2250,2.2250,2.2250,2.2200,0.0000,2.2200,2.2200,-10.2400,-10.2400,-10.2400,-10.2400,-10.2400,-10.2400,-10.2400,-10.2400
2025-06-15_05:10:07.968,1,1,1,1,2.2250,2.2250,2.2250,2.2250,2.2200,0.0000,2.2200,2.2200,-10.2400,-10.2400,-10.2400,-10.2400,-10.2400,-10.2400,-10.2400,-10.2400
2025-06-15_05:10:08.972,1,1,1,1,2.2250,2.2250,2.2250,2.2250,2.2200,0.0000,2.2200,2.2200,-10.2400,-10.2400,-10.2400,-10.2400,-10.2400,-10.2400,-10.2400,-10.2400
2025-06-15_05:10:09.977,1,1,1,1,2.2250,2.2250,2.2250,2.2250,2.2200,0.0000,2.2200,2.2200,-10.2400,-10.2400,-10.2400,-10.2400,-10.2400,-10.2400,-10.2400,-10.2400
2025-06-15_05:10:10.981,1,1,1,1,2.2250,2.2250,2.2250,2.2250,2.2200,0.0000,2.2200,2.2200,-10.2400,-10.2400,-10.2400,-10.2400,-10.2400,-10.2400,-10.2400,-10.2400
2025-06-15_05:10:11.986,1,1,1,1,2.2200,2.2250,2.2250,2.2250,2.2200,0.0000,2.2200,2.2200,-10.2400,-10.2400,-10.2400,-10.2400,-10.2400,-10.2400,-10.2400,-10.2400
2025-06-15_05:10:12.991,1,1,1,1,2.2250,2.2250,2.2250,2.2250,2.2200,0.0000,2.2200,2.2200,-10.2400,-10.2400,-10.2400,-10.2400,-10.2400,-10.2400,-10.2400,-10.2400
2025-06-15_05:10:13.995,1,1,1,1,2.2250,2.2250,2.2250,2.2250,2.2200,0.0000,2.2200,2.2200,-10.2400,-10.2400,-10.2400,-10.2400,-10.2400,-10.2400,-10.2400,-10.2400
2025-06-15_05:10:15.000,1,1,1,1,2.2200,2.2250,2.2250,2.2250,2.2200,0.0000,2.2200,2.2200,-10.2400,-10.2400,-10.2400,-10.2400,-10.2400,-10.2400,-10.2400,-10.2400
2025-06-15_05:10:16.004,1,1,1,1,2.2250,2.2250,2.2250,2.2250,2.2200,0.0000,2.2200,2.2200,-10.2400,-10.2400,-10.2400,-10.2400,-10.2400,-10.2400,-10.2400,-10.2400
2025-06-15_05:10:17.009,1,1,1,1,2.2200,2.2250,2.2250,2.2250,2.2200,0.0000,2.2200,2.2200,-10.2400,-10.2400,-10.2400,-10.2400,-10.2400,-10.2400,-10.2400,-10.2400
2025-06-15_05:10:18.012,1,1,1,1,2.2250,2.2250,2.2250,2.2250,2.2200,0.0000,2.2200,2.2200,-10.2400,-10.2400,-10.2400,-10.2400,-10.2400,-10.2400,-10.2400,-10.2400
2025-06-15_05:10:19.017,1,1,1,1,2.2250,2.2250,2.2250,2.2250,2.2200,0.0000,2.2200,2.2200,-10.2400,-10.2400,-10.2400,-10.2400,-10.2400,-10.2400,-10.2400,-10.2400
2025-06-15_05:10:20.022,1,1,1,1,2.2250,2.2250,2.2250,2.2250,2.2200,0.0000,2.2200,2.2200,-10.2400,-10.2400,-10.2400,-10.2400,-10.2400,-10.2400,-10.2400,-10.2400
2025-06-15_05:10:21.026,1,1,1,1,2.2250,2.2250,2.2250,2.2250,2.2200,0.0000,2.2200,2.2200,-10.2400,-10.2400,-10.2400,-10.2400,-10.2400,-10.2400,-10.2400,-10.2400
2025-06-15_05:10:22.031,1,1,1,1,2.2250,2.2250,2.2250,2.2250,2.2200,0.0000,2.2200,2.2200,-10.2400,-10.2400,-10.2400,-10.2400,-10.2400,-10.2400,-10.2400,-10.2400
2025-06-15_05:10:23.038,1,1,1,1,2.2250,2.2250,2.2250,2.2250,2.2200,0.0000,2.2200,2.2200,-10.2400,-10.2400,-10.2400,-10.2400,-10.2400,-10.2400,-10.2400,-10.2400
2025-06-15_05:10:24.043,1,1,1,1,2.2250,2.2250,2.2250,2.2250,2.2200,0.0000,2.2200,2.2200,-10.2400,-10.2400,-10.2400,-10.2400,-10.2400,-10.2400,-10.2400,-10.2400
2025-06-15_05:10:25.047,1,1,1,1,2.2250,2.2250,2.2250,2.2250,2.2200,0.0000,2.2200,2.2200,-10.2400,-10.2400,-10.2400,-10.2400,-10.2400,-10.2400,-10.2400,-10.2400
2025-06-15_05:10:26.050,1,1,1,1,2.2200,2.2250,2.2250,2.2250,2.2200,0.0000,2.2200,2.2200,-10.2400,-10.2400,-10.2400,-10.2400,-10.2400,-10.2400,-10.2400,-10.2400
2025-06-15_05:10:27.054,1,1,1,1,2.2250,2.2250,2.2250,2.2250,2.2200,0.0000,2.2200,2.2200,-10.2400,-10.2400,-10.2400,-10.2400,-10.2400,-10.2400,-10.2400,-10.2400
2025-06-15_05:10:28.059,1,1,1,1,2.2250,2.2250,2.2250,2.2250,2.2200,0.0000,2.2200,2.2200,-10.2400,-10.2400,-10.2400,-10.2400,-10.2400,-10.2400,-10.2400,-10.2400
2025-06-15_05:10:29.064,1,1,1,1,2.2250,2.2250,2.2250,2.2250,2.2200,0.0000,2.2200,2.2200,-10.2400,-10.2400,-10.2400,-10.2400,-10.2400,-10.2400,-10.2400,-10.2400
2025-06-15_05:10:30.068,1,1,1,1,2.2250,2.2250,2.2250,2.2250,2.2200,0.0000,2.2200,2.2200,-10.2400,-10.2400,-10.2400,-10.2400,-10.2400,-10.2400,-10.2400,-10.2400
2025-06-15_05:10:31.074,1,1,1,1,2.2200,2.2250,2.2250,2.2250,2.2200,0.0000,2.2200,2.2200,-10.2400,-10.2400,-10.2400,-10.2400,-10.2400,-10.2400,-10.2400,-10.2400
2025-06-15_05:10:32.077,1,1,1,1,2.2250,2.2250,2.2250,2.2250,2.2200,0.0000,2.2200,2.2200,-10.2400,-10.2400,-10.2400,-10.2400,-10.2400,-10.2400,-10.2400,-10.2400
2025-06-15_05:10:33.082,1,1,1,1,2.2250,2.2250,2.2250,2.2250,2.2200,0.0000,2.2200,2.2200,-10.2400,-10.2400,-10.2400,-10.2400,-10.2400,-10.2400,-10.2400,-10.2400
2025-06-15_05:10:34.086,1,1,1,1,2.2250,2.2250,2.2250,2.2250,2.2200,0.0000,2.2200,2.2200,-10.2400,-10.2400,-10.2400,-10.2400,-10.2400,-10.2400,-10.2400,-10.2400
2025-06-15_05:10:35.091,1,1,1,1,2.2250,2.2250,2.2250,2.2250,2.2200,0.0000,2.2200,2.2200,-10.2400,-10.2400,-10.2400,-10.2400,-10.2400,-10.2400,-10.2400,-10.2400
2025-06-15_05:10:36.095,1,1,1,1,2.2250,2.2250,2.2250,2.2250,2.2200,0.0000,2.2200,2.2200,-10.2400,-10.2400,-10.2400,-10.2400,-10.2400,-10.2400,-10.2400,-10.2400
2025-06-15_05:10:37.099,1,1,1,1,2.2200,2.2250,2.2250,2.2250,2.2200,0.0000,2.2200,2.2200,-10.2400,-10.2400,-10.2400,-10.2400,-10.2400,-10.2400,-10.2400,-10.2400
2025-06-15_05:10:38.103,1,1,1,1,2.2250,2.2250,2.2250,2.2250,2.2200,0.0000,2.2200,2.2200,-10.2400,-10.2400,-10.2400,-10.2400,-10.2400,-10.2400,-10.2400,-10.2400
2025-06-15_05:10:39.107,1,1,1,1,2.2250,2.2250,2.2250,2.2250,2.2200,0.0000,2.2200,2.2200,-10.2400,-10.2400,-10.2400,-10.2400,-10.2400,-10.2400,-10.2400,-10.2400
2025-06-15_05:10:40.113,1,1,1,1,2.2250,2.2250,2.2250,2.2250,2.2200,0.0000,2.2200,2.2200,-10.2400,-10.2400,-10.2400,-10.2400,-10.2400,-10.2400,-10.2400,-10.2400
2025-06-15_05:10:41.117,1,1,1,1,2.2250,2.2250,2.2250,2.2250,2.2200,0.0000,2.2200,2.2200,-10.2400,-10.2400,-10.2400,-10.2400,-10.2400,-10.2400,-10.2400,-10.2400
2025-06-15_05:10:42.121,1,1,1,1,2.2250,2.2250,2.2250,2.2250,2.2200,0.0000,2.2200,2.2200,-10.2400,-10.2400,-10.2400,-10.2400,-10.2400,-10.2400,-10.2400,-10.2400
2025-06-15_05:10:43.125,1,1,1,1,2.2200,2.2250,2.2250,2.2250,2.2200,0.0000,2.2200,2.2200,-10.2400,-10.2400,-10.2400,-10.2400,-10.2400,-10.2400,-10.2400,-10.2400
2025-06-15_05:10:44.130,1,1,1,1,2.2250,2.2250,2.2250,2.2250,2.2200,0.0000,2.2200,2.2200,-10.2400,-10.2400,-10.2400,-10.2400,-10.2400,-10.2400,-10.2400,-10.2400
2025-06-15_05:10:45.134,1,1,1,1,2.2200,2.2250,2.2250,2.2250,2.2200,0.0000,2.2200,2.2200,-10.2400,-10.2400,-10.2400,-10.2400,-10.2400,-10.2400,-10.2400,-10.2400
2025-06-15_05:10:46.137,1,1,1,1,2.2250,2.2250,2.2250,2.2250,2.2200,0.0000,2.2200,2.2200,-10.2400,-10.2400,-10.2400,-10.2400,-10.2400,-10.2400,-10.2400,-10.2400
2025-06-15_05:10:47.142,1,1,1,1,2.2250,2.2250,2.2250,2.2250,2.2200,0.0000,2.2200,2.2200,-10.2400,-10.2400,-10.2400,-10.2400,-10.2400,-10.2400,-10.2400,-10.2400
2025-06-15_05:10:48.146,1,1,1,1,2.2200,2.2250,2.2250,2.2250,2.2200,0.0000,2.2200,2.2200,-10.2400,-10.2400,-10.2400,-10.2400,-10.2400,-10.2400,-10.2400,-10.2400
2025-06-15_05:10:49.152,1,1,1,1,2.2250,2.2250,2.2250,2.2250,2.2200,0.0000,2.2200,2.2200,-10.2400,-10.2400,-10.2400,-10.2400,-10.2400,-10.2400,-10.2400,-10.2400
2025-06-15_05:10:50.157,1,1,1,1,2.2250,2.2250,2.2250,2.2250,2.2200,0.0000,2.2200,2.2200,-10.2400,-10.2400,-10.2400,-10.2400,-10.2400,-10.2400,-10.2400,-10.2400
2025-06-15_05:10:51.161,1,1,1,1,2.2250,2.2250,2.2250,2.2250,2.2200,0.0000,2.2200,2.2200,-10.2400,-10.2400,-10.2400,-10.2400,-10.2400,-10.2400,-10.2400,-10.2400
2025-06-15_05:10:52.166,1,1,1,1,2.2250,2.2250,2.2250,2.2250,2.2200,0.0000,2.2200,2.2200,-10.2400,-10.2400,-10.2400,-10.2400,-10.2400,-10.2400,-10.2400,-10.2400
2025-06-15_05:10:53.170,1,1,1,1,2.2250,2.2250,2.2250,2.2250,2.2200,0.0000,2.2200,2.2200,-10.2400,-10.2400,-10.2400,-10.2400,-10.2400,-10.2400,-10.2400,-10.2400
2025-06-15_05:10:54.175,1,1,1,1,2.2250,2.2250,2.2250,2.2250,2.2200,0.0000,2.2200,2.2200,-10.2400,-10.2400,-10.2400,-10.2400,-10.2400,-10.2400,-10.2400,-10.2400
2025-06-15_05:10:55.179,1,1,1,1,2.2250,2.2250,2.2250,2.2250,2.2200,0.0000,2.2200,2.2200,-10.2400,-10.2400,-10.2400,-10.2400,-10.2400,-10.2400,-10.2400,-10.2400
2025-06-15_05:10:56.183,1,1,1,1,2.2200,2.2250,2.2250,2.2250,2.2200,0.0000,2.2200,2.2200,-10.2400,-10.2400,-10.2400,-10.2400,-10.2400,-10.2400,-10.2400,-10.2400
2025-06-15_05:10:57.187,1,1,1,1,2.2250,2.2250,2.2250,2.2250,2.2200,0.0000,2.2200,2.2200,-10.2400,-10.2400,-10.2400,-10.2400,-10.2400,-10.2400,-10.2400,-10.2400
2025-06-15_05:10:58.191,1,1,1,1,2.2250,2.2250,2.2250,2.2250,2.2200,0.0000,2.2200,2.2200,-10.2400,-10.2400,-10.2400,-10.2400,-10.2400,-10.2400,-10.2400,-10.2400
2025-06-15_05:10:59.196,1,1,1,1,2.2250,2.2250,2.2250,2.2250,2.2200,0.0000,2.2200,2.2200,-10.2400,-10.2400,-10.2400,-10.2400,-10.2400,-10.2400,-10.2400,-10.2400
2025-06-15_05:11:00.200,1,1,1,1,2.2250,2.2250,2.2250,2.2250,2.2200,0.0000,2.2200,2.2200,-10.2400,-10.2400,-10.2400,-10.2400,-10.2400,-10.2400,-10.2400,-10.2400
2025-06-15_05:11:01.205,1,1,1,1,2.2250,2.2250,2.2250,2.2250,2.2200,0.0000,2.2200,2.2200,-10.2400,-10.2400,-10.2400,-10.2400,-10.2400,-10.2400,-10.2400,-10.2400
2025-06-15_05:11:02.209,1,1,1,1,2.2250,2.2250,2.2250,2.2250,2.2200,0.0000,2.2200,2.2200,-10.2400,-10.2400,-10.2400,-10.2400,-10.2400,-10.2400,-10.2400,-10.2400
2025-06-15_05:11:03.214,1,1,1,1,2.2200,2.2250,2.2250,2.2250,2.2200,0.0000,2.2200,2.2200,-10.2400,-10.2400,-10.2400,-10.2400,-10.2400,-10.2400,-10.2400,-10.2400
2025-06-15_05:11:04.219,1,1,1,1,2.2250,2.2250,2.2250,2.2250,2.2200,0.0000,2.2200,2.2200,-10.2400,-10.2400,-10.2400,-10.2400,-10.2400,-10.2400,-10.2400,-10.2400
2025-06-15_05:11:05.223,1,1,1,1,2.2250,2.2250,2.2250,2.2250,2.2200,0.0000,2.2200,2.2200,-10.2400,-10.2400,-10.2400,-10.2400,-10.2400,-10.2400,-10.2400,-10.2400
2025-06-15_05:11:06.227,1,1,1,1,2.2250,2.2250,2.2250,2.2250,2.2200,0.0000,2.2200,2.2200,-10.2400,-10.2400,-10.2400,-10.2400,-10.2400,-10.2400,-10.2400,-10.2400
2025-06-15_05:11:07.231,1,1,1,1,2.2200,2.2250,2.2250,2.2250,2.2200,0.0000,2.2200,2.2200,-10.2400,-10.2400,-10.2400,-10.2400,-10.2400,-10.2400,-10.2400,-10.2400
2025-06-15_05:11:08.235,1,1,1,1,2.2200,2.2250,2.2250,2.2250,2.2200,0.0000,2.2200,2.2200,-10.2400,-10.2400,-10.2400,-10.2400,-10.2400,-10.2400,-10.2400,-10.2400
2025-06-15_05:11:09.240,1,1,1,1,2.2250,2.2250,2.2250,2.2250,2.2200,0.0000,2.2200,2.2200,-10.2400,-10.2400,-10.2400,-10.2400,-10.2400,-10.2400,-10.2400,-10.2400
2025-06-15_05:11:10.244,1,1,1,1,2.2250,2.2250,2.2250,2.2250,2.2200,0.0000,2.2200,2.2200,-10.2400,-10.2400,-10.2400,-10.2400,-10.2400,-10.2400,-10.2400,-10.2400
2025-06-15_05:11:11.248,1,1,1,1,2.2250,2.2250,2.2250,2.2250,2.2200,0.0000,2.2200,2.2200,-10.2400,-10.2400,-10.2400,-10.2400,-10.2400,-10.2400,-10.2400,-10.2400
2025-06-15_05:11:12.253,1,1,1,1,2.2250,2.2250,2.2250,2.2250,2.2200,0.0000,2.2200,2.2200,-10.2400,-10.2400,-10.2400,-10.2400,-10.2400,-10.2400,-10.2400,-10.2400
2025-06-15_05:11:13.258,1,1,1,1,2.2200,2.2250,2.2250,2.2250,2.2200,0.0000,2.2200,2.2200,-10.2400,-10.2400,-10.2400,-10.2400,-10.2400,-10.2400,-10.2400,-10.2400
2025-06-15_05:11:14.262,1,1,1,1,2.2250,2.2250,2.2250,2.2250,2.2200,0.0000,2.2200,2.2200,-10.2400,-10.2400,-10.2400,-10.2400,-10.2400,-10.2400,-10.2400,-10.2400
2025-06-15_05:11:15.266,1,1,1,1,2.2250,2.2250,2.2250,2.2250,2.2200,0.0000,2.2200,2.2200,-10.2400,-10.2400,-10.2400,-10.2400,-10.2400,-10.2400,-10.2400,-10.2400
2025-06-15_05:11:16.270,1,1,1,1,2.2200,2.2250,2.2250,2.2250,2.2200,0.0000,2.2200,2.2200,-10.2400,-10.2400,-10.2400,-10.2400,-10.2400,-10.2400,-10.2400,-10.2400
2025-06-15_05:11:17.273,1,1,1,1,2.2250,2.2250,2.2250,2.2250,2.2200,0.0000,2.2200,2.2200,-10.2400,-10.2400,-10.2400,-10.2400,-10.2400,-10.2400,-10.2400,-10.2400
2025-06-15_05:11:18.278,1,1,1,1,2.2250,2.2250,2.2250,2.2250,2.2200,0.0000,2.2200,2.2200,-10.2400,-10.2400,-10.2400,-10.2400,-10.2400,-10.2400,-10.2400,-10.2400
2025-06-15_05:11:19.281,1,1,1,1,2.2250,2.2250,2.2250,2.2250,2.2200,0.0000,2.2200,2.2200,-10.2400,-10.2400,-10.2400,-10.2400,-10.2400,-10.2400,-10.2400,-10.2400
2025-06-15_05:11:20.284,1,1,1,1,2.2250,2.2250,2.2200,2.2250,2.2200,0.0000,2.2200,2.2200,-10.2400,-10.2400,-10.2400,-10.2400,-10.2400,-10.2400,-10.2400,-10.2400
2025-06-15_05:11:21.287,1,1,1,1,2.2250,2.2250,2.2250,2.2250,2.2200,0.0000,2.2200,2.2200,-10.2400,-10.2400,-10.2400,-10.2400,-10.2400,-10.2400,-10.2400,-10.2400
2025-06-15_05:11:22.291,1,1,1,1,2.2250,2.2250,2.2250,2.2250,2.2200,0.0000,2.2200,2.2200,-10.2400,-10.2400,-10.2400,-10.2400,-10.2400,-10.2400,-10.2400,-10.2400
2025-06-15_05:11:23.294,1,1,1,1,2.2200,2.2250,2.2250,2.2250,2.2200,0.0000,2.2200,2.2200,-10.2400,-10.2400,-10.2400,-10.2400,-10.2400,-10.2400,-10.2400,-10.2400
2025-06-15_05:11:24.299,1,1,1,1,2.2250,2.2250,2.2250,2.2250,2.2200,0.0000,2.2200,2.2200,-10.2400,-10.2400,-10.2400,-10.2400,-10.2400,-10.2400,-10.2400,-10.2400
2025-06-15_05:11:25.303,1,1,1,1,2.2250,2.2250,2.2250,2.2250,2.2200,0.0000,2.2200,2.2200,-10.2400,-10.2400,-10.2400,-10.2400,-10.2400,-10.2400,-10.2400,-10.2400
2025-06-15_05:11:26.307,1,1,1,1,2.2200,2.2250,2.2250,2.2250,2.2200,0.0000,2.2200,2.2200,-10.2400,-10.2400,-10.2400,-10.2400,-10.2400,-10.2400,-10.2400,-10.2400
2025-06-15_05:11:27.311,1,1,1,1,2.2250,2.2250,2.2250,2.2250,2.2200,0.0000,2.2200,2.2200,-10.2400,-10.2400,-10.2400,-10.2400,-10.2400,-10.2400,-10.2400,-10.2400
2025-06-15_05:11:28.316,1,1,1,1,2.2250,2.2250,2.2250,2.2250,2.2200,0.0000,2.2200,2.2200,-10.2400,-10.2400,-10.2400,-10.2400,-10.2400,-10.2400,-10.2400,-10.2400
2025-06-15_05:11:29.320,1,1,1,1,2.2250,2.2250,2.2200,2.2250,2.2200,0.0000,2.2200,2.2200,-10.2400,-10.2400,-10.2400,-10.2400,-10.2400,-10.2400,-10.2400,-10.2400
2025-06-15_05:11:30.324,1,1,1,1,2.2250,2.2250,2.2250,2.2250,2.2200,0.0000,2.2200,2.2200,-10.2400,-10.2400,-10.2400,-10.2400,-10.2400,-10.2400,-10.2400,-10.2400
2025-06-15_05:11:31.329,1,1,1,1,2.2250,2.2250,2.2250,2.2250,2.2200,0.0000,2.2200,2.2200,-10.2400,-10.2400,-10.2400,-10.2400,-10.2400,-10.2400,-10.2400,-10.2400
2025-06-15_05:11:32.333,1,1,1,1,2.2250,2.2250,2.2250,2.2250,2.2200,0.0000,2.2200,2.2200,-10.2400,-10.2400,-10.2400,-10.2400,-10.2400,-10.2400,-10.2400,-10.2400
2025-06-15_05:11:33.337,1,1,1,1,2.2250,2.2250,2.2250,2.2250,2.2200,0.0000,2.2200,2.2200,-10.2400,-10.2400,-10.2400,-10.2400,-10.2400,-10.2400,-10.2400,-10.2400
2025-06-15_05:11:34.342,1,1,1,1,2.2250,2.2250,2.2250,2.2250,2.2200,0.0000,2.2200,2.2200,-10.2400,-10.2400,-10.2400,-10.2400,-10.2400,-10.2400,-10.2400,-10.2400
2025-06-15_05:11:35.347,1,1,1,1,2.2250,2.2250,2.2250,2.2250,2.2200,0.0000,2.2200,2.2200,-10.2400,-10.2400,-10.2400,-10.2400,-10.2400,-10.2400,-10.2400,-10.2400
2025-06-15_05:11:36.352,1,1,1,1,2.2250,2.2250,2.2250,2.2250,2.2200,0.0000,2.2200,2.2200,-10.2400,-10.2400,-10.2400,-10.2400,-10.2400,-10.2400,-10.2400,-10.2400
2025-06-15_05:11:37.356,1,1,1,1,2.2250,2.2250,2.2250,2.2250,2.2200,0.0000,2.2200,2.2200,-10.2400,-10.2400,-10.2400,-10.2400,-10.2400,-10.2400,-10.2400,-10.2400
2025-06-15_05:11:38.361,1,1,1,1,2.2250,2.2250,2.2250,2.2250,2.2200,0.0000,2.2200,2.2200,-10.2400,-10.2400,-10.2400,-10.2400,-10.2400,-10.2400,-10.2400,-10.2400
2025-06-15_05:11:39.365,1,1,1,1,2.2250,2.2250,2.2250,2.2250,2.2200,0.0000,2.2200,2.2200,-10.2400,-10.2400,-10.2400,-10.2400,-10.2400,-10.2400,-10.2400,-10.2400
2025-06-15_05:11:40.368,1,1,1,1,2.2200,2.2250,2.2250,2.2250,2.2200,0.0000,2.2200,2.2200,-10.2400,-10.2400,-10.2400,-10.2400,-10.2400,-10.2400,-10.2400,-10.2400
2025-06-15_05:11:41.373,1,1,1,1,2.2250,2.2250,2.2250,2.2250,2.2200,0.0000,2.2200,2.2200,-10.2400,-10.2400,-10.2400,-10.2400,-10.2400,-10.2400,-10.2400,-10.2400
2025-06-15_05:11:42.378,1,1,1,1,2.2250,2.2250,2.2250,2.2250,2.2200,0.0000,2.2200,2.2200,-10.2400,-10.2400,-10.2400,-10.2400,-10.2400,-10.2400,-10.2400,-10.2400
2025-06-15_05:11:43.384,1,1,1,1,2.2200,2.2250,2.2200,2.2250,2.2200,0.0000,2.2200,2.2200,-10.2400,-10.2400,-10.2400,-10.2400,-10.2400,-10.2400,-10.2400,-10.2400
2025-06-15_05:11:44.389,1,1,1,1,2.2250,2.2250,2.2250,2.2250,2.2200,0.0000,2.2200,2.2200,-10.2400,-10.2400,-10.2400,-10.2400,-10.2400,-10.2400,-10.2400,-10.2400
2025-06-15_05:11:45.393,1,1,1,1,2.2250,2.2250,2.2250,2.2250,2.2200,0.0000,2.2200,2.2200,-10.2400,-10.2400,-10.2400,-10.2400,-10.2400,-10.2400,-10.2400,-10.2400
2025-06-15_05:11:46.397,1,1,1,1,2.2250,2.2250,2.2250,2.2250,2.2200,0.0000,2.2200,2.2200,-10.2400,-10.2400,-10.2400,-10.2400,-10.2400,-10.2400,-10.2400,-10.2400
2025-06-15_05:11:47.401,1,1,1,1,2.2250,2.2250,2.2250,2.2250,2.2200,0.0000,2.2200,2.2200,-10.2400,-10.2400,-10.2400,-10.2400,-10.2400,-10.2400,-10.2400,-10.2400
2025-06-15_05:11:48.406,1,1,1,1,2.2250,2.2250,2.2250,2.2250,2.2200,0.0000,2.2200,2.2200,-10.2400,-10.2400,-10.2400,-10.2400,-10.2400,-10.2400,-10.2400,-10.2400
2025-06-15_05:11:49.410,1,1,1,1,2.2250,2.2250,2.2250,2.2250,2.2200,0.0000,2.2200,2.2200,-10.2400,-10.2400,-10.2400,-10.2400,-10.2400,-10.2400,-10.2400,-10.2400
2025-06-15_05:11:50.414,1,1,1,1,2.2200,2.2250,2.2250,2.2250,2.2200,0.0000,2.2200,2.2200,-10.2400,-10.2400,-10.2400,-10.2400,-10.2400,-10.2400,-10.2400,-10.2400
2025-06-15_05:11:51.418,1,1,1,1,2.2250,2.2250,2.2250,2.2250,2.2200,0.0000,2.2200,2.2200,-10.2400,-10.2400,-10.2400,-10.2400,-10.2400,-10.2400,-10.2400,-10.2400
2025-06-15_05:11:52.423,1,1,1,1,2.2250,2.2250,2.2250,2.2250,2.2200,0.0000,2.2200,2.2200,-10.2400,-10.2400,-10.2400,-10.2400,-10.2400,-10.2400,-10.2400,-10.2400
2025-06-15_05:11:53.427,1,1,1,1,2.2250,2.2250,2.2250,2.2250,2.2200,0.0000,2.2200,2.2200,-10.2400,-10.2400,-10.2400,-10.2400,-10.2400,-10.2400,-10.2400,-10.2400
2025-06-15_05:11:54.431,1,1,1,1,2.2250,2.2250,2.2250,2.2250,2.2200,0.0000,2.2200,2.2200,-10.2400,-10.2400,-10.2400,-10.2400,-10.2400,-10.2400,-10.2400,-10.2400
2025-06-15_05:11:55.435,1,1,1,1,2.2250,2.2250,2.2250,2.2250,2.2200,0.0000,2.2200,2.2200,-10.2400,-10.2400,-10.2400,-10.2400,-10.2400,-10.2400,-10.2400,-10.2400
2025-06-15_05:11:56.440,1,1,1,1,2.2250,2.2250,2.2250,2.2250,2.2200,0.0000,2.2200,2.2200,-10.2400,-10.2400,-10.2400,-10.2400,-10.2400,-10.2400,-10.2400,-10.2400
2025-06-15_05:11:57.443,1,1,1,1,2.2250,2.2250,2.2250,2.2250,2.2200,0.0000,2.2200,2.2200,-10.2400,-10.2400,-10.2400,-10.2400,-10.2400,-10.2400,-10.2400,-10.2400
2025-06-15_05:11:58.448,1,1,1,1,2.2250,2.2250,2.2250,2.2250,2.2200,0.0000,2.2200,2.2200,-10.2400,-10.2400,-10.2400,-10.2400,-10.2400,-10.2400,-10.2400,-10.2400
2025-06-15_05:11:59.452,1,1,1,1,2.2200,2.2250,2.2250,2.2250,2.2200,0.0000,2.2200,2.2200,-10.2400,-10.2400,-10.2400,-10.2400,-10.2400,-10.2400,-10.2400,-10.2400
2025-06-15_05:12:00.456,1,1,1,1,2.2250,2.2250,2.2250,2.2250,2.2200,0.0000,2.2200,2.2200,-10.2400,-10.2400,-10.2400,-10.2400,-10.2400,-10.2400,-10.2400,-10.2400
2025-06-15_05:12:01.460,1,1,1,1,2.2200,2.2250,2.2250,2.2250,2.2200,0.0000,2.2200,2.2200,-10.2400,-10.2400,-10.2400,-10.2400,-10.2400,-10.2400,-10.2400,-10.2400
2025-06-15_05:12:02.465,1,1,1,1,2.2250,2.2250,2.2250,2.2250,2.2200,0.0000,2.2200,2.2200,-10.2400,-10.2400,-10.2400,-10.2400,-10.2400,-10.2400,-10.2400,-10.2400
2025-06-15_05:12:03.468,1,1,1,1,2.2250,2.2250,2.2250,2.2250,2.2200,0.0000,2.2200,2.2200,-10.2400,-10.2400,-10.2400,-10.2400,-10.2400,-10.2400,-10.2400,-10.2400
2025-06-15_05:12:04.471,1,1,1,1,2.2250,2.2250,2.2250,2.2250,2.2200,0.0000,2.2200,2.2200,-10.2400,-10.2400,-10.2400,-10.2400,-10.2400,-10.2400,-10.2400,-10.2400
2025-06-15_05:12:05.474,1,1,1,1,2.2250,2.2250,2.2250,2.2250,2.2200,0.0000,2.2200,2.2200,-10.2400,-10.2400,-10.2400,-10.2400,-10.2400,-10.2400,-10.2400,-10.2400
2025-06-15_05:12:06.478,1,1,1,1,2.2250,2.2250,2.2250,2.2250,2.2200,0.0000,2.2200,2.2200,-10.2400,-10.2400,-10.2400,-10.2400,-10.2400,-10.2400,-10.2400,-10.2400
2025-06-15_05:12:07.481,1,1,1,1,2.2250,2.2250,2.2250,2.2250,2.2200,0.0000,2.2200,2.2200,-10.2400,-10.2400,-10.2400,-10.2400,-10.2400,-10.2400,-10.2400,-10.2400
2025-06-15_05:12:08.486,1,1,1,1,2.2200,2.2250,2.2250,2.2250,2.2200,0.0000,2.2200,2.2200,-10.2400,-10.2400,-10.2400,-10.2400,-10.2400,-10.2400,-10.2400,-10.2400
2025-06-15_05:12:09.491,1,1,1,1,2.2250,2.2250,2.2250,2.2250,2.2200,0.0000,2.2200,2.2200,-10.2400,-10.2400,-10.2400,-10.2400,-10.2400,-10.2400,-10.2400,-10.2400
2025-06-15_05:12:10.496,1,1,1,1,2.2250,2.2250,2.2250,2.2250,2.2200,0.0000,2.2200,2.2200,-10.2400,-10.2400,-10.2400,-10.2400,-10.2400,-10.2400,-10.2400,-10.2400
2025-06-15_05:12:11.500,1,1,1,1,2.2250,2.2250,2.2250,2.2250,2.2200,0.0000,2.2200,2.2200,-10.2400,-10.2400,-10.2400,-10.2400,-10.2400,-10.2400,-10.2400,-10.2400
2025-06-15_05:12:12.505,1,1,1,1,2.2200,2.2250,2.2250,2.2250,2.2200,0.0000,2.2200,2.2200,-10.2400,-10.2400,-10.2400,-10.2400,-10.2400,-10.2400,-10.2400,-10.2400
2025-06-15_05:12:13.509,1,1,1,1,2.2250,2.2250,2.2250,2.2250,2.2200,0.0000,2.2200,2.2200,-10.2400,-10.2400,-10.2400,-10.2400,-10.2400,-10.2400,-10.2400,-10.2400
2025-06-15_05:12:14.513,1,1,1,1,2.2250,2.2250,2.2250,2.2250,2.2200,0.0000,2.2200,2.2200,-10.2400,-10.2400,-10.2400,-10.2400,-10.2400,-10.2400,-10.2400,-10.2400
2025-06-15_05:12:15.518,1,1,1,1,2.2250,2.2250,2.2250,2.2250,2.2200,0.0000,2.2200,2.2200,-10.2400,-10.2400,-10.2400,-10.2400,-10.2400,-10.2400,-10.2400,-10.2400
2025-06-15_05:12:16.522,1,1,1,1,2.2200,2.2250,2.2250,2.2250,2.2200,0.0000,2.2200,2.2200,-10.2400,-10.2400,-10.2400,-10.2400,-10.2400,-10.2400,-10.2400,-10.2400
2025-06-15_05:12:17.526,1,1,1,1,2.2250,2.2250,2.2250,2.2250,2.2200,0.0000,2.2200,2.2200,-10.2400,-10.2400,-10.2400,-10.2400,-10.2400,-10.2400,-10.2400,-10.2400
2025-06-15_05:12:18.533,1,1,1,1,2.2200,2.2250,2.2250,2.2250,2.2200,0.0000,2.2200,2.2200,-10.2400,-10.2400,-10.2400,-10.2400,-10.2400,-10.2400,-10.2400,-10.2400
2025-06-15_05:12:19.537,1,1,1,1,2.2250,2.2250,2.2250,2.2250,2.2200,0.0000,2.2200,2.2200,-10.2400,-10.2400,-10.2400,-10.2400,-10.2400,-10.2400,-10.2400,-10.2400
2025-06-15_05:12:20.542,1,1,1,1,2.2250,2.2250,2.2250,2.2250,2.2200,0.0000,2.2200,2.2200,-10.2400,-10.2400,-10.2400,-10.2400,-10.2400,-10.2400,-10.2400,-10.2400
2025-06-15_05:12:21.546,1,1,1,1,2.2250,2.2250,2.2250,2.2250,2.2200,0.0000,2.2200,2.2200,-10.2400,-10.2400,-10.2400,-10.2400,-10.2400,-10.2400,-10.2400,-10.2400
2025-06-15_05:12:22.550,1,1,1,1,2.2200,2.2250,2.2250,2.2250,2.2200,0.0000,2.2200,2.2200,-10.2400,-10.2400,-10.2400,-10.2400,-10.2400,-10.2400,-10.2400,-10.2400
2025-06-15_05:12:23.554,1,1,1,1,2.2200,2.2250,2.2250,2.2250,2.2200,0.0000,2.2200,2.2200,-10.2400,-10.2400,-10.2400,-10.2400,-10.2400,-10.2400,-10.2400,-10.2400
2025-06-15_05:12:24.559,1,1,1,1,2.2200,2.2250,2.2250,2.2250,2.2200,0.0000,2.2200,2.2200,-10.2400,-10.2400,-10.2400,-10.2400,-10.2400,-10.2400,-10.2400,-10.2400
2025-06-15_05:12:25.563,1,1,1,1,2.2250,2.2250,2.2250,2.2250,2.2200,0.0000,2.2200,2.2200,-10.2400,-10.2400,-10.2400,-10.2400,-10.2400,-10.2400,-10.2400,-10.2400
2025-06-15_05:12:26.568,1,1,1,1,2.2250,2.2250,2.2250,2.2250,2.2200,0.0000,2.2200,2.2200,-10.2400,-10.2400,-10.2400,-10.2400,-10.2400,-10.2400,-10.2400,-10.2400
2025-06-15_05:12:27.573,1,1,1,1,2.2250,2.2250,2.2250,2.2250,2.2200,0.0000,2.2200,2.2200,-10.2400,-10.2400,-10.2400,-10.2400,-10.2400,-10.2400,-10.2400,-10.2400
2025-06-15_05:12:28.577,1,1,1,1,2.2250,2.2250,2.2250,2.2250,2.2200,0.0000,2.2200,2.2200,-10.2400,-10.2400,-10.2400,-10.2400,-10.2400,-10.2400,-10.2400,-10.2400
2025-06-15_05:12:29.581,1,1,1,1,2.2200,2.2250,2.2200,2.2250,2.2200,0.0000,2.2200,2.2200,-10.2400,-10.2400,-10.2400,-10.2400,-10.2400,-10.2400,-10.2400,-10.2400
2025-06-15_05:12:30.586,1,1,1,1,2.2250,2.2250,2.2250,2.2250,2.2200,0.0000,2.2200,2.2200,-10.2400,-10.2400,-10.2400,-10.2400,-10.2400,-10.2400,-10.2400,-10.2400
2025-06-15_05:12:31.591,1,1,1,1,2.2250,2.2250,2.2250,2.2250,2.2200,0.0000,2.2200,2.2200,-10.2400,-10.2400,-10.2400,-10.2400,-10.2400,-10.2400,-10.2400,-10.2400
2025-06-15_05:12:32.595,1,1,1,1,2.2250,2.2250,2.2250,2.2250,2.2200,0.0000,2.2200,2.2200,-10.2400,-10.2400,-10.2400,-10.2400,-10.2400,-10.2400,-10.2400,-10.2400
2025-06-15_05:12:33.599,1,1,1,1,2.2250,2.2250,2.2250,2.2250,2.2200,0.0000,2.2200,2.2200,-10.2400,-10.2400,-10.2400,-10.2400,-10.2400,-10.2400,-10.2400,-10.2400
2025-06-15_05:12:34.604,1,1,1,1,2.2200,2.2250,2.2250,2.2250,2.2200,0.0000,2.2200,2.2200,-10.2400,-10.2400,-10.2400,-10.2400,-10.2400,-10.2400,-10.2400,-10.2400
2025-06-15_05:12:35.609,1,1,1,1,2.2200,2.2250,2.2250,2.2250,2.2200,0.0000,2.2200,2.2200,-10.2400,-10.2400,-10.2400,-10.2400,-10.2400,-10.2400,-10.2400,-10.2400
2025-06-15_05:12:36.613,1,1,1,1,2.2250,2.2250,2.2250,2.2250,2.2200,0.0000,2.2200,2.2200,-10.2400,-10.2400,-10.2400,-10.2400,-10.2400,-10.2400,-10.2400,-10.2400
2025-06-15_05:12:37.618,1,1,1,1,2.2200,2.2250,2.2250,2.2250,2.2200,0.0000,2.2200,2.2200,-10.2400,-10.2400,-10.2400,-10.2400,-10.2400,-10.2400,-10.2400,-10.2400
2025-06-15_05:12:38.622,1,1,1,1,2.2250,2.2250,2.2250,2.2250,2.2200,0.0000,2.2200,2.2200,-10.2400,-10.2400,-10.2400,-10.2400,-10.2400,-10.2400,-10.2400,-10.2400
2025-06-15_05:12:39.627,1,1,1,1,2.2250,2.2250,2.2250,2.2250,2.2200,0.0000,2.2200,2.2200,-10.2400,-10.2400,-10.2400,-10.2400,-10.2400,-10.2400,-10.2400,-10.2400
2025-06-15_05:12:40.631,1,1,1,1,2.2250,2.2250,2.2250,2.2250,2.2200,0.0000,2.2200,2.2200,-10.2400,-10.2400,-10.2400,-10.2400,-10.2400,-10.2400,-10.2400,-10.2400
2025-06-15_05:12:41.635,1,1,1,1,2.2250,2.2250,2.2250,2.2250,2.2200,0.0000,2.2200,2.2200,-10.2400,-10.2400,-10.2400,-10.2400,-10.2400,-10.2400,-10.2400,-10.2400
2025-06-15_05:12:42.639,1,1,1,1,2.2250,2.2250,2.2250,2.2250,2.2200,0.0000,2.2200,2.2200,-10.2400,-10.2400,-10.2400,-10.2400,-10.2400,-10.2400,-10.2400,-10.2400
2025-06-15_05:12:43.642,1,1,1,1,2.2250,2.2250,2.2250,2.2250,2.2200,0.0000,2.2200,2.2200,-10.2400,-10.2400,-10.2400,-10.2400,-10.2400,-10.2400,-10.2400,-10.2400
2025-06-15_05:12:44.646,1,1,1,1,2.2250,2.2250,2.2250,2.2250,2.2200,0.0000,2.2200,2.2200,-10.2400,-10.2400,-10.2400,-10.2400,-10.2400,-10.2400,-10.2400,-10.2400
2025-06-15_05:12:45.649,1,1,1,1,2.2250,2.2250,2.2250,2.2250,2.2200,0.0000,2.2200,2.2200,-10.2400,-10.2400,-10.2400,-10.2400,-10.2400,-10.2400,-10.2400,-10.2400
2025-06-15_05:12:46.654,1,1,1,1,2.2250,2.2250,2.2250,2.2250,2.2200,0.0000,2.2200,2.2200,-10.2400,-10.2400,-10.2400,-10.2400,-10.2400,-10.2400,-10.2400,-10.2400
2025-06-15_05:12:47.659,1,1,1,1,2.2200,2.2250,2.2250,2.2250,2.2200,0.0000,2.2200,2.2200,-10.2400,-10.2400,-10.2400,-10.2400,-10.2400,-10.2400,-10.2400,-10.2400
2025-06-15_05:12:48.664,1,1,1,1,2.2250,2.2250,2.2250,2.2250,2.2200,0.0000,2.2200,2.2200,-10.2400,-10.2400,-10.2400,-10.2400,-10.2400,-10.2400,-10.2400,-10.2400
2025-06-15_05:12:49.669,1,1,1,1,2.2200,2.2250,2.2250,2.2250,2.2200,0.0000,2.2200,2.2200,-10.2400,-10.2400,-10.2400,-10.2400,-10.2400,-10.2400,-10.2400,-10.2400
2025-06-15_05:12:50.673,1,1,1,1,2.2250,2.2250,2.2250,2.2250,2.2200,0.0000,2.2200,2.2200,-10.2400,-10.2400,-10.2400,-10.2400,-10.2400,-10.2400,-10.2400,-10.2400
2025-06-15_05:12:51.677,1,1,1,1,2.2200,2.2250,2.2250,2.2250,2.2200,0.0000,2.2200,2.2200,-10.2400,-10.2400,-10.2400,-10.2400,-10.2400,-10.2400,-10.2400,-10.2400
2025-06-15_05:12:52.680,1,1,1,1,2.2200,2.2250,2.2250,2.2250,2.2200,0.0000,2.2200,2.2200,-10.2400,-10.2400,-10.2400,-10.2400,-10.2400,-10.2400,-10.2400,-10.2400
2025-06-15_05:12:53.686,1,1,1,1,2.2250,2.2250,2.2250,2.2250,2.2200,0.0000,2.2200,2.2200,-10.2400,-10.2400,-10.2400,-10.2400,-10.2400,-10.2400,-10.2400,-10.2400
2025-06-15_05:12:54.690,1,1,1,1,2.2250,2.2250,2.2250,2.2250,2.2200,0.0000,2.2200,2.2200,-10.2400,-10.2400,-10.2400,-10.2400,-10.2400,-10.2400,-10.2400,-10.2400
2025-06-15_05:12:55.694,1,1,1,1,2.2250,2.2250,2.2250,2.2250,2.2200,0.0000,2.2200,2.2200,-10.2400,-10.2400,-10.2400,-10.2400,-10.2400,-10.2400,-10.2400,-10.2400
2025-06-15_05:12:56.697,1,1,1,1,2.2250,2.2250,2.2200,2.2250,2.2200,0.0000,2.2200,2.2200,-10.2400,-10.2400,-10.2400,-10.2400,-10.2400,-10.2400,-10.2400,-10.2400
2025-06-15_05:12:57.702,1,1,1,1,2.2250,2.2250,2.2250,2.2250,2.2200,0.0000,2.2200,2.2200,-10.2400,-10.2400,-10.2400,-10.2400,-10.2400,-10.2400,-10.2400,-10.2400
2025-06-15_05:12:58.707,1,1,1,1,2.2250,2.2250,2.2250,2.2250,2.2200,0.0000,2.2200,2.2200,-10.2400,-10.2400,-10.2400,-10.2400,-10.2400,-10.2400,-10.2400,-10.2400
2025-06-15_05:12:59.710,1,1,1,1,2.2250,2.2250,2.2250,2.2250,2.2200,0.0000,2.2200,2.2200,-10.2400,-10.2400,-10.2400,-10.2400,-10.2400,-10.2400,-10.2400,-10.2400
2025-06-15_05:13:00.715,1,1,1,1,2.2200,2.2250,2.2250,2.2250,2.2200,0.0000,2.2200,2.2200,-10.2400,-10.2400,-10.2400,-10.2400,-10.2400,-10.2400,-10.2400,-10.2400
2025-06-15_05:13:01.720,1,1,1,1,2.2250,2.2250,2.2250,2.2250,2.2200,0.0000,2.2200,2.2200,-10.2400,-10.2400,-10.2400,-10.2400,-10.2400,-10.2400,-10.2400,-10.2400
2025-06-15_05:13:02.724,1,1,1,1,2.2250,2.2250,2.2250,2.2250,2.2200,0.0000,2.2200,2.2200,-10.2400,-10.2400,-10.2400,-10.2400,-10.2400,-10.2400,-10.2400,-10.2400
2025-06-15_05:13:03.728,1,1,1,1,2.2200,2.2250,2.2250,2.2250,2.2200,0.0000,2.2200,2.2200,-10.2400,-10.2400,-10.2400,-10.2400,-10.2400,-10.2400,-10.2400,-10.2400
2025-06-15_05:13:04.733,1,1,1,1,2.2200,2.2250,2.2250,2.2250,2.2200,0.0000,2.2200,2.2200,-10.2400,-10.2400,-10.2400,-10.2400,-10.2400,-10.2400,-10.2400,-10.2400
2025-06-15_05:13:05.737,1,1,1,1,2.2250,2.2250,2.2250,2.2250,2.2200,0.0000,2.2200,2.2200,-10.2400,-10.2400,-10.2400,-10.2400,-10.2400,-10.2400,-10.2400,-10.2400
2025-06-15_05:13:06.742,1,1,1,1,2.2250,2.2250,2.2250,2.2250,2.2200,0.0000,2.2200,2.2200,-10.2400,-10.2400,-10.2400,-10.2400,-10.2400,-10.2400,-10.2400,-10.2400
2025-06-15_05:13:07.746,1,1,1,1,2.2200,2.2250,2.2250,2.2250,2.2200,0.0000,2.2200,2.2200,-10.2400,-10.2400,-10.2400,-10.2400,-10.2400,-10.2400,-10.2400,-10.2400
2025-06-15_05:13:08.751,1,1,1,1,2.2250,2.2250,2.2250,2.2250,2.2200,0.0000,2.2200,2.2200,-10.2400,-10.2400,-10.2400,-10.2400,-10.2400,-10.2400,-10.2400,-10.2400
2025-06-15_05:13:09.755,1,1,1,1,2.2250,2.2250,2.2250,2.2250,2.2200,0.0000,2.2200,2.2200,-10.2400,-10.2400,-10.2400,-10.2400,-10.2400,-10.2400,-10.2400,-10.2400
2025-06-15_05:13:10.759,1,1,1,1,2.2250,2.2250,2.2250,2.2250,2.2200,0.0000,2.2200,2.2200,-10.2400,-10.2400,-10.2400,-10.2400,-10.2400,-10.2400,-10.2400,-10.2400
2025-06-15_05:13:11.763,1,1,1,1,2.2250,2.2250,2.2250,2.2250,2.2200,0.0000,2.2200,2.2200,-10.2400,-10.2400,-10.2400,-10.2400,-10.2400,-10.2400,-10.2400,-10.2400
2025-06-15_05:13:12.767,1,1,1,1,2.2250,2.2250,2.2250,2.2250,2.2200,0.0000,2.2200,2.2200,-10.2400,-10.2400,-10.2400,-10.2400,-10.2400,-10.2400,-10.2400,-10.2400
2025-06-15_05:13:13.772,1,1,1,1,2.2200,2.2250,2.2250,2.2250,2.2200,0.0000,2.2200,2.2200,-10.2400,-10.2400,-10.2400,-10.2400,-10.2400,-10.2400,-10.2400,-10.2400
2025-06-15_05:13:14.776,1,1,1,1,2.2250,2.2250,2.2250,2.2250,2.2200,0.0000,2.2200,2.2200,-10.2400,-10.2400,-10.2400,-10.2400,-10.2400,-10.2400,-10.2400,-10.2400
2025-06-15_05:13:15.780,1,1,1,1,2.2250,2.2250,2.2250,2.2250,2.2200,0.0000,2.2200,2.2200,-10.2400,-10.2400,-10.2400,-10.2400,-10.2400,-10.2400,-10.2400,-10.2400
2025-06-15_05:13:16.783,1,1,1,1,2.2200,2.2250,2.2250,2.2250,2.2200,0.0000,2.2200,2.2200,-10.2400,-10.2400,-10.2400,-10.2400,-10.2400,-10.2400,-10.2400,-10.2400
2025-06-15_05:13:17.787,1,1,1,1,2.2200,2.2250,2.2250,2.2250,2.2200,0.0000,2.2200,2.2200,-10.2400,-10.2400,-10.2400,-10.2400,-10.2400,-10.2400,-10.2400,-10.2400
2025-06-15_05:13:18.792,1,1,1,1,2.2250,2.2250,2.2200,2.2250,2.2200,0.0000,2.2200,2.2200,-10.2400,-10.2400,-10.2400,-10.2400,-10.2400,-10.2400,-10.2400,-10.2400
2025-06-15_05:13:19.796,1,1,1,1,2.2250,2.2250,2.2250,2.2250,2.2200,0.0000,2.2200,2.2200,-10.2400,-10.2400,-10.2400,-10.2400,-10.2400,-10.2400,-10.2400,-10.2400
2025-06-15_05:13:20.799,1,1,1,1,2.2250,2.2250,2.2250,2.2250,2.2200,0.0000,2.2200,2.2200,-10.2400,-10.2400,-10.2400,-10.2400,-10.2400,-10.2400,-10.2400,-10.2400
2025-06-15_05:13:21.801,1,1,1,1,2.2250,2.2250,2.2250,2.2250,2.2200,0.0000,2.2200,2.2200,-10.2400,-10.2400,-10.2400,-10.2400,-10.2400,-10.2400,-10.2400,-10.2400
2025-06-15_05:13:22.804,1,1,1,1,2.2250,2.2250,2.2250,2.2250,2.2200,0.0000,2.2200,2.2200,-10.2400,-10.2400,-10.2400,-10.2400,-10.2400,-10.2400,-10.2400,-10.2400
2025-06-15_05:13:23.808,1,1,1,1,2.2250,2.2250,2.2250,2.2250,2.2200,0.0000,2.2200,2.2200,-10.2400,-10.2400,-10.2400,-10.2400,-10.2400,-10.2400,-10.2400,-10.2400
2025-06-15_05:13:24.811,1,1,1,1,2.2250,2.2250,2.2250,2.2250,2.2200,0.0000,2.2200,2.2200,-10.2400,-10.2400,-10.2400,-10.2400,-10.2400,-10.2400,-10.2400,-10.2400
2025-06-15_05:13:25.815,1,1,1,1,2.2250,2.2250,2.2250,2.2250,2.2200,0.0000,2.2200,2.2200,-10.2400,-10.2400,-10.2400,-10.2400,-10.2400,-10.2400,-10.2400,-10.2400
2025-06-15_05:13:26.819,1,1,1,1,2.2200,2.2250,2.2250,2.2250,2.2200,0.0000,2.2200,2.2200,-10.2400,-10.2400,-10.2400,-10.2400,-10.2400,-10.2400,-10.2400,-10.2400
2025-06-15_05:13:27.824,1,1,1,1,2.2200,2.2250,2.2250,2.2250,2.2200,0.0000,2.2200,2.2200,-10.2400,-10.2400,-10.2400,-10.2400,-10.2400,-10.2400,-10.2400,-10.2400
2025-06-15_05:13:28.827,1,1,1,1,2.2250,2.2250,2.2250,2.2250,2.2200,0.0000,2.2200,2.2200,-10.2400,-10.2400,-10.2400,-10.2400,-10.2400,-10.2400,-10.2400,-10.2400
2025-06-15_05:13:29.832,1,1,1,1,2.2200,2.2250,2.2250,2.2250,2.2200,0.0000,2.2200,2.2200,-10.2400,-10.2400,-10.2400,-10.2400,-10.2400,-10.2400,-10.2400,-10.2400
2025-06-15_05:13:30.836,1,1,1,1,2.2250,2.2250,2.2250,2.2250,2.2200,0.0000,2.2200,2.2200,-10.2400,-10.2400,-10.2400,-10.2400,-10.2400,-10.2400,-10.2400,-10.2400
2025-06-15_05:13:31.840,1,1,1,1,2.2250,2.2250,2.2250,2.2250,2.2200,0.0000,2.2200,2.2200,-10.2400,-10.2400,-10.2400,-10.2400,-10.2400,-10.2400,-10.2400,-10.2400
2025-06-15_05:13:32.844,1,1,1,1,2.2250,2.2250,2.2250,2.2250,2.2200,0.0000,2.2200,2.2200,-10.2400,-10.2400,-10.2400,-10.2400,-10.2400,-10.2400,-10.2400,-10.2400
2025-06-15_05:13:33.849,1,1,1,1,2.2250,2.2250,2.2250,2.2250,2.2200,0.0000,2.2200,2.2200,-10.2400,-10.2400,-10.2400,-10.2400,-10.2400,-10.2400,-10.2400,-10.2400
2025-06-15_05:13:34.853,1,1,1,1,2.2250,2.2250,2.2250,2.2250,2.2200,0.0000,2.2200,2.2200,-10.2400,-10.2400,-10.2400,-10.2400,-10.2400,-10.2400,-10.2400,-10.2400
2025-06-15_05:13:35.857,1,1,1,1,2.2200,2.2250,2.2250,2.2250,2.2200,0.0000,2.2200,2.2200,-10.2400,-10.2400,-10.2400,-10.2400,-10.2400,-10.2400,-10.2400,-10.2400
2025-06-15_05:13:36.861,1,1,1,1,2.2250,2.2250,2.2250,2.2250,2.2200,0.0000,2.2200,2.2200,-10.2400,-10.2400,-10.2400,-10.2400,-10.2400,-10.2400,-10.2400,-10.2400
2025-06-15_05:13:37.866,1,1,1,1,2.2200,2.2250,2.2250,2.2250,2.2200,0.0000,2.2200,2.2200,-10.2400,-10.2400,-10.2400,-10.2400,-10.2400,-10.2400,-10.2400,-10.2400
2025-06-15_05:13:38.871,1,1,1,1,2.2250,2.2250,2.2250,2.2250,2.2200,0.0000,2.2200,2.2200,-10.2400,-10.2400,-10.2400,-10.2400,-10.2400,-10.2400,-10.2400,-10.2400
2025-06-15_05:13:39.875,1,1,1,1,2.2250,2.2250,2.2250,2.2250,2.2200,0.0000,2.2200,2.2200,-10.2400,-10.2400,-10.2400,-10.2400,-10.2400,-10.2400,-10.2400,-10.2400
2025-06-15_05:13:40.879,1,1,1,1,2.2250,2.2250,2.2250,2.2250,2.2200,0.0000,2.2200,2.2200,-10.2400,-10.2400,-10.2400,-10.2400,-10.2400,-10.2400,-10.2400,-10.2400
2025-06-15_05:13:41.883,1,1,1,1,2.2250,2.2250,2.2200,2.2250,2.2200,0.0000,2.2200,2.2200,-10.2400,-10.2400,-10.2400,-10.2400,-10.2400,-10.2400,-10.2400,-10.2400
2025-06-15_05:13:42.887,1,1,1,1,2.2250,2.2250,2.2250,2.2250,2.2200,0.0000,2.2200,2.2200,-10.2400,-10.2400,-10.2400,-10.2400,-10.2400,-10.2400,-10.2400,-10.2400
2025-06-15_05:13:43.892,1,1,1,1,2.2250,2.2250,2.2250,2.2250,2.2200,0.0000,2.2200,2.2200,-10.2400,-10.2400,-10.2400,-10.2400,-10.2400,-10.2400,-10.2400,-10.2400
2025-06-15_05:13:44.895,1,1,1,1,2.2200,2.2250,2.2250,2.2250,2.2200,0.0000,2.2200,2.2200,-10.2400,-10.2400,-10.2400,-10.2400,-10.2400,-10.2400,-10.2400,-10.2400
2025-06-15_05:13:45.900,1,1,1,1,2.2250,2.2250,2.2250,2.2250,2.2200,0.0000,2.2200,2.2200,-10.2400,-10.2400,-10.2400,-10.2400,-10.2400,-10.2400,-10.2400,-10.2400
2025-06-15_05:13:46.903,1,1,1,1,2.2250,2.2250,2.2250,2.2250,2.2200,0.0000,2.2200,2.2200,-10.2400,-10.2400,-10.2400,-10.2400,-10.2400,-10.2400,-10.2400,-10.2400
2025-06-15_05:13:47.907,1,1,1,1,2.2250,2.2250,2.2250,2.2250,2.2200,0.0000,2.2200,2.2200,-10.2400,-10.2400,-10.2400,-10.2400,-10.2400,-10.2400,-10.2400,-10.2400
2025-06-15_05:13:48.911,1,1,1,1,2.2200,2.2250,2.2250,2.2250,2.2200,0.0000,2.2200,2.2200,-10.2400,-10.2400,-10.2400,-10.2400,-10.2400,-10.2400,-10.2400,-10.2400
2025-06-15_05:13:49.915,1,1,1,1,2.2200,2.2250,2.2250,2.2250,2.2200,0.0000,2.2200,2.2200,-10.2400,-10.2400,-10.2400,-10.2400,-10.2400,-10.2400,-10.2400,-10.2400
2025-06-15_05:13:50.920,1,1,1,1,2.2200,2.2250,2.2250,2.2250,2.2200,0.0000,2.2200,2.2200,-10.2400,-10.2400,-10.2400,-10.2400,-10.2400,-10.2400,-10.2400,-10.2400
2025-06-15_05:13:51.923,1,1,1,1,2.2200,2.2250,2.2250,2.2250,2.2200,0.0000,2.2200,2.2200,-10.2400,-10.2400,-10.2400,-10.2400,-10.2400,-10.2400,-10.2400,-10.2400
2025-06-15_05:13:52.927,1,1,1,1,2.2250,2.2250,2.2200,2.2250,2.2200,0.0000,2.2200,2.2200,-10.2400,-10.2400,-10.2400,-10.2400,-10.2400,-10.2400,-10.2400,-10.2400
2025-06-15_05:13:53.931,1,1,1,1,2.2250,2.2250,2.2250,2.2250,2.2200,0.0000,2.2200,2.2200,-10.2400,-10.2400,-10.2400,-10.2400,-10.2400,-10.2400,-10.2400,-10.2400
2025-06-15_05:13:54.935,1,1,1,1,2.2250,2.2250,2.2250,2.2250,2.2200,0.0000,2.2200,2.2200,-10.2400,-10.2400,-10.2400,-10.2400,-10.2400,-10.2400,-10.2400,-10.2400
2025-06-15_05:13:55.939,1,1,1,1,2.2250,2.2250,2.2250,2.2250,2.2200,0.0000,2.2200,2.2200,-10.2400,-10.2400,-10.2400,-10.2400,-10.2400,-10.2400,-10.2400,-10.2400
2025-06-15_05:13:56.943,1,1,1,1,2.2250,2.2250,2.2250,2.2250,2.2200,0.0000,2.2200,2.2200,-10.2400,-10.2400,-10.2400,-10.2400,-10.2400,-10.2400,-10.2400,-10.2400
2025-06-15_05:13:57.948,1,1,1,1,2.2250,2.2250,2.2250,2.2250,2.2200,0.0000,2.2200,2.2200,-10.2400,-10.2400,-10.2400,-10.2400,-10.2400,-10.2400,-10.2400,-10.2400
2025-06-15_05:13:58.953,1,1,1,1,2.2250,2.2250,2.2250,2.2250,2.2200,0.0000,2.2200,2.2200,-10.2400,-10.2400,-10.2400,-10.2400,-10.2400,-10.2400,-10.2400,-10.2400
2025-06-15_05:13:59.956,1,1,1,1,2.2250,2.2250,2.2250,2.2250,2.2200,0.0000,2.2200,2.2200,-10.2400,-10.2400,-10.2400,-10.2400,-10.2400,-10.2400,-10.2400,-10.2400
2025-06-15_05:14:00.960,1,1,1,1,2.2250,2.2250,2.2250,2.2250,2.2200,0.0000,2.2200,2.2200,-10.2400,-10.2400,-10.2400,-10.2400,-10.2400,-10.2400,-10.2400,-10.2400
2025-06-15_05:14:01.964,1,1,1,1,2.2250,2.2250,2.2250,2.2250,2.2200,0.0000,2.2200,2.2200,-10.2400,-10.2400,-10.2400,-10.2400,-10.2400,-10.2400,-10.2400,-10.2400
2025-06-15_05:14:02.967,1,1,1,1,2.2200,2.2250,2.2250,2.2250,2.2200,0.0000,2.2200,2.2200,-10.2400,-10.2400,-10.2400,-10.2400,-10.2400,-10.2400,-10.2400,-10.2400
2025-06-15_05:14:03.972,1,1,1,1,2.2250,2.2250,2.2250,2.2250,2.2200,0.0000,2.2200,2.2200,-10.2400,-10.2400,-10.2400,-10.2400,-10.2400,-10.2400,-10.2400,-10.2400
2025-06-15_05:14:04.977,1,1,1,1,2.2250,2.2250,2.2250,2.2250,2.2200,0.0000,2.2200,2.2200,-10.2400,-10.2400,-10.2400,-10.2400,-10.2400,-10.2400,-10.2400,-10.2400
2025-06-15_05:14:05.981,1,1,1,1,2.2250,2.2250,2.2250,2.2250,2.2200,0.0000,2.2200,2.2200,-10.2400,-10.2400,-10.2400,-10.2400,-10.2400,-10.2400,-10.2400,-10.2400
2025-06-15_05:14:06.984,1,1,1,1,2.2250,2.2250,2.2250,2.2250,2.2200,0.0000,2.2200,2.2200,-10.2400,-10.2400,-10.2400,-10.2400,-10.2400,-10.2400,-10.2400,-10.2400
2025-06-15_05:14:07.988,1,1,1,1,2.2250,2.2250,2.2250,2.2250,2.2200,0.0000,2.2200,2.2200,-10.2400,-10.2400,-10.2400,-10.2400,-10.2400,-10.2400,-10.2400,-10.2400
2025-06-15_05:14:08.993,1,1,1,1,2.2250,2.2250,2.2250,2.2250,2.2200,0.0000,2.2200,2.2200,-10.2400,-10.2400,-10.2400,-10.2400,-10.2400,-10.2400,-10.2400,-10.2400
2025-06-15_05:14:09.996,1,1,1,1,2.2250,2.2250,2.2250,2.2250,2.2200,0.0000,2.2200,2.2200,-10.2400,-10.2400,-10.2400,-10.2400,-10.2400,-10.2400,-10.2400,-10.2400
2025-06-15_05:14:11.000,1,1,1,1,2.2250,2.2250,2.2250,2.2250,2.2200,0.0000,2.2200,2.2200,-10.2400,-10.2400,-10.2400,-10.2400,-10.2400,-10.2400,-10.2400,-10.2400
2025-06-15_05:14:12.003,1,1,1,1,2.2250,2.2250,2.2250,2.2250,2.2200,0.0000,2.2200,2.2200,-10.2400,-10.2400,-10.2400,-10.2400,-10.2400,-10.2400,-10.2400,-10.2400
2025-06-15_05:14:13.011,1,1,1,1,2.2250,2.2250,2.2250,2.2250,2.2200,0.0000,2.2200,2.2200,-10.2400,-10.2400,-10.2400,-10.2400,-10.2400,-10.2400,-10.2400,-10.2400
2025-06-15_05:14:14.014,1,1,1,1,2.2250,2.2250,2.2250,2.2250,2.2200,0.0000,2.2200,2.2200,-10.2400,-10.2400,-10.2400,-10.2400,-10.2400,-10.2400,-10.2400,-10.2400
2025-06-15_05:14:15.017,1,1,1,1,2.2250,2.2250,2.2250,2.2250,2.2200,0.0000,2.2200,2.2200,-10.2400,-10.2400,-10.2400,-10.2400,-10.2400,-10.2400,-10.2400,-10.2400
2025-06-15_05:14:16.021,1,1,1,1,2.2200,2.2250,2.2250,2.2250,2.2200,0.0000,2.2200,2.2200,-10.2400,-10.2400,-10.2400,-10.2400,-10.2400,-10.2400,-10.2400,-10.2400
2025-06-15_05:14:17.024,1,1,1,1,2.2250,2.2250,2.2250,2.2250,2.2200,0.0000,2.2200,2.2200,-10.2400,-10.2400,-10.2400,-10.2400,-10.2400,-10.2400,-10.2400,-10.2400
2025-06-15_05:14:18.028,1,1,1,1,2.2200,2.2250,2.2250,2.2250,2.2200,0.0000,2.2200,2.2200,-10.2400,-10.2400,-10.2400,-10.2400,-10.2400,-10.2400,-10.2400,-10.2400
2025-06-15_05:14:19.031,1,1,1,1,2.2250,2.2250,2.2250,2.2250,2.2200,0.0000,2.2200,2.2200,-10.2400,-10.2400,-10.2400,-10.2400,-10.2400,-10.2400,-10.2400,-10.2400
2025-06-15_05:14:20.036,1,1,1,1,2.2250,2.2250,2.2250,2.2250,2.2200,0.0000,2.2200,2.2200,-10.2400,-10.2400,-10.2400,-10.2400,-10.2400,-10.2400,-10.2400,-10.2400
2025-06-15_05:14:21.040,1,1,1,1,2.2200,2.2250,2.2250,2.2250,2.2200,0.0000,2.2200,2.2200,-10.2400,-10.2400,-10.2400,-10.2400,-10.2400,-10.2400,-10.2400,-10.2400
2025-06-15_05:14:22.043,1,1,1,1,2.2250,2.2250,2.2250,2.2250,2.2200,0.0000,2.2200,2.2200,-10.2400,-10.2400,-10.2400,-10.2400,-10.2400,-10.2400,-10.2400,-10.2400
2025-06-15_05:14:23.047,1,1,1,1,2.2250,2.2250,2.2250,2.2250,2.2200,0.0000,2.2200,2.2200,-10.2400,-10.2400,-10.2400,-10.2400,-10.2400,-10.2400,-10.2400,-10.2400
2025-06-15_05:14:24.052,1,1,1,1,2.2200,2.2250,2.2250,2.2250,2.2200,0.0000,2.2200,2.2200,-10.2400,-10.2400,-10.2400,-10.2400,-10.2400,-10.2400,-10.2400,-10.2400
2025-06-15_05:14:25.055,1,1,1,1,2.2250,2.2250,2.2250,2.2250,2.2200,0.0000,2.2200,2.2200,-10.2400,-10.2400,-10.2400,-10.2400,-10.2400,-10.2400,-10.2400,-10.2400
2025-06-15_05:14:26.059,1,1,1,1,2.2250,2.2250,2.2250,2.2250,2.2200,0.0000,2.2200,2.2200,-10.2400,-10.2400,-10.2400,-10.2400,-10.2400,-10.2400,-10.2400,-10.2400
2025-06-15_05:14:27.063,1,1,1,1,2.2200,2.2250,2.2250,2.2250,2.2200,0.0000,2.2200,2.2200,-10.2400,-10.2400,-10.2400,-10.2400,-10.2400,-10.2400,-10.2400,-10.2400
2025-06-15_05:14:28.068,1,1,1,1,2.2250,2.2250,2.2250,2.2250,2.2200,0.0000,2.2200,2.2200,-10.2400,-10.2400,-10.2400,-10.2400,-10.2400,-10.2400,-10.2400,-10.2400
2025-06-15_05:14:29.072,1,1,1,1,2.2250,2.2250,2.2250,2.2250,2.2200,0.0000,2.2200,2.2200,-10.2400,-10.2400,-10.2400,-10.2400,-10.2400,-10.2400,-10.2400,-10.2400
2025-06-15_05:14:30.076,1,1,1,1,2.2250,2.2250,2.2200,2.2250,2.2200,0.0000,2.2200,2.2200,-10.2400,-10.2400,-10.2400,-10.2400,-10.2400,-10.2400,-10.2400,-10.2400
2025-06-15_05:14:31.081,1,1,1,1,2.2250,2.2250,2.2250,2.2250,2.2200,0.0000,2.2200,2.2200,-10.2400,-10.2400,-10.2400,-10.2400,-10.2400,-10.2400,-10.2400,-10.2400
2025-06-15_05:14:32.085,1,1,1,1,2.2250,2.2250,2.2250,2.2250,2.2200,0.0000,2.2200,2.2200,-10.2400,-10.2400,-10.2400,-10.2400,-10.2400,-10.2400,-10.2400,-10.2400
2025-06-15_05:14:33.090,1,1,1,1,2.2250,2.2250,2.2250,2.2250,2.2200,0.0000,2.2200,2.2200,-10.2400,-10.2400,-10.2400,-10.2400,-10.2400,-10.2400,-10.2400,-10.2400
2025-06-15_05:14:34.095,1,1,1,1,2.2250,2.2250,2.2250,2.2250,2.2200,0.0000,2.2200,2.2200,-10.2400,-10.2400,-10.2400,-10.2400,-10.2400,-10.2400,-10.2400,-10.2400
2025-06-15_05:14:35.100,1,1,1,1,2.2250,2.2250,2.2250,2.2250,2.2200,0.0000,2.2200,2.2200,-10.2400,-10.2400,-10.2400,-10.2400,-10.2400,-10.2400,-10.2400,-10.2400
2025-06-15_05:14:36.105,1,1,1,1,2.2200,2.2250,2.2250,2.2250,2.2200,0.0000,2.2200,2.2200,-10.2400,-10.2400,-10.2400,-10.2400,-10.2400,-10.2400,-10.2400,-10.2400
2025-06-15_05:14:37.109,1,1,1,1,2.2250,2.2250,2.2250,2.2250,2.2200,0.0000,2.2200,2.2200,-10.2400,-10.2400,-10.2400,-10.2400,-10.2400,-10.2400,-10.2400,-10.2400
2025-06-15_05:14:38.113,1,1,1,1,2.2200,2.2250,2.2250,2.2250,2.2200,0.0000,2.2200,2.2200,-10.2400,-10.2400,-10.2400,-10.2400,-10.2400,-10.2400,-10.2400,-10.2400
2025-06-15_05:14:39.118,1,1,1,1,2.2250,2.2250,2.2250,2.2250,2.2200,0.0000,2.2200,2.2200,-10.2400,-10.2400,-10.2400,-10.2400,-10.2400,-10.2400,-10.2400,-10.2400
2025-06-15_05:14:40.122,1,1,1,1,2.2250,2.2250,2.2250,2.2250,2.2200,0.0000,2.2200,2.2200,-10.2400,-10.2400,-10.2400,-10.2400,-10.2400,-10.2400,-10.2400,-10.2400
2025-06-15_05:14:41.127,1,1,1,1,2.2250,2.2250,2.2250,2.2250,2.2200,0.0000,2.2200,2.2200,-10.2400,-10.2400,-10.2400,-10.2400,-10.2400,-10.2400,-10.2400,-10.2400
2025-06-15_05:14:42.132,1,1,1,1,2.2250,2.2250,2.2250,2.2250,2.2200,0.0000,2.2200,2.2200,-10.2400,-10.2400,-10.2400,-10.2400,-10.2400,-10.2400,-10.2400,-10.2400
2025-06-15_05:14:43.137,1,1,1,1,2.2200,2.2250,2.2250,2.2250,2.2200,0.0000,2.2200,2.2200,-10.2400,-10.2400,-10.2400,-10.2400,-10.2400,-10.2400,-10.2400,-10.2400
2025-06-15_05:14:44.142,1,1,1,1,2.2250,2.2250,2.2250,2.2250,2.2200,0.0000,2.2200,2.2200,-10.2400,-10.2400,-10.2400,-10.2400,-10.2400,-10.2400,-10.2400,-10.2400
2025-06-15_05:14:45.147,1,1,1,1,2.2200,2.2250,2.2250,2.2250,2.2200,0.0000,2.2200,2.2200,-10.2400,-10.2400,-10.2400,-10.2400,-10.2400,-10.2400,-10.2400,-10.2400
2025-06-15_05:14:46.152,1,1,1,1,2.2250,2.2250,2.2250,2.2250,2.2200,0.0000,2.2200,2.2200,-10.2400,-10.2400,-10.2400,-10.2400,-10.2400,-10.2400,-10.2400,-10.2400
2025-06-15_05:14:47.156,1,1,1,1,2.2250,2.2250,2.2250,2.2250,2.2200,0.0000,2.2200,2.2200,-10.2400,-10.2400,-10.2400,-10.2400,-10.2400,-10.2400,-10.2400,-10.2400
2025-06-15_05:14:48.161,1,1,1,1,2.2250,2.2250,2.2250,2.2250,2.2200,0.0000,2.2200,2.2200,-10.2400,-10.2400,-10.2400,-10.2400,-10.2400,-10.2400,-10.2400,-10.2400
2025-06-15_05:14:49.165,1,1,1,1,2.2250,2.2250,2.2250,2.2250,2.2200,0.0000,2.2200,2.2200,-10.2400,-10.2400,-10.2400,-10.2400,-10.2400,-10.2400,-10.2400,-10.2400
2025-06-15_05:14:50.169,1,1,1,1,2.2200,2.2250,2.2250,2.2250,2.2200,0.0000,2.2200,2.2200,-10.2400,-10.2400,-10.2400,-10.2400,-10.2400,-10.2400,-10.2400,-10.2400
2025-06-15_05:14:51.174,1,1,1,1,2.2200,2.2250,2.2250,2.2250,2.2200,0.0000,2.2200,2.2200,-10.2400,-10.2400,-10.2400,-10.2400,-10.2400,-10.2400,-10.2400,-10.2400
2025-06-15_05:14:52.178,1,1,1,1,2.2250,2.2250,2.2250,2.2250,2.2200,0.0000,2.2200,2.2200,-10.2400,-10.2400,-10.2400,-10.2400,-10.2400,-10.2400,-10.2400,-10.2400
2025-06-15_05:14:53.183,1,1,1,1,2.2250,2.2250,2.2250,2.2250,2.2200,0.0000,2.2200,2.2200,-10.2400,-10.2400,-10.2400,-10.2400,-10.2400,-10.2400,-10.2400,-10.2400
2025-06-15_05:14:54.188,1,1,1,1,2.2200,2.2250,2.2250,2.2250,2.2200,0.0000,2.2200,2.2200,-10.2400,-10.2400,-10.2400,-10.2400,-10.2400,-10.2400,-10.2400,-10.2400
2025-06-15_05:14:55.192,1,1,1,1,2.2250,2.2250,2.2200,2.2250,2.2200,0.0000,2.2200,2.2200,-10.2400,-10.2400,-10.2400,-10.2400,-10.2400,-10.2400,-10.2400,-10.2400
2025-06-15_05:14:56.196,1,1,1,1,2.2200,2.2250,2.2250,2.2250,2.2200,0.0000,2.2200,2.2200,-10.2400,-10.2400,-10.2400,-10.2400,-10.2400,-10.2400,-10.2400,-10.2400
2025-06-15_05:14:57.200,1,1,1,1,2.2250,2.2250,2.2250,2.2250,2.2200,0.0000,2.2200,2.2200,-10.2400,-10.2400,-10.2400,-10.2400,-10.2400,-10.2400,-10.2400,-10.2400
2025-06-15_05:14:58.204,1,1,1,1,2.2200,2.2250,2.2250,2.2250,2.2200,0.0000,2.2200,2.2200,-10.2400,-10.2400,-10.2400,-10.2400,-10.2400,-10.2400,-10.2400,-10.2400
2025-06-15_05:14:59.208,1,1,1,1,2.2250,2.2250,2.2250,2.2250,2.2200,0.0000,2.2200,2.2200,-10.2400,-10.2400,-10.2400,-10.2400,-10.2400,-10.2400,-10.2400,-10.2400
2025-06-15_05:15:00.212,1,1,1,1,2.2200,2.2250,2.2250,2.2250,2.2200,0.0000,2.2200,2.2200,-10.2400,-10.2400,-10.2400,-10.2400,-10.2400,-10.2400,-10.2400,-10.2400
2025-06-15_05:15:01.216,1,1,1,1,2.2250,2.2250,2.2250,2.2250,2.2200,0.0000,2.2200,2.2200,-10.2400,-10.2400,-10.2400,-10.2400,-10.2400,-10.2400,-10.2400,-10.2400
2025-06-15_05:15:02.220,1,1,1,1,2.2250,2.2250,2.2250,2.2250,2.2200,0.0000,2.2200,2.2200,-10.2400,-10.2400,-10.2400,-10.2400,-10.2400,-10.2400,-10.2400,-10.2400
2025-06-15_05:15:03.225,1,1,1,1,2.2250,2.2250,2.2250,2.2250,2.2200,0.0000,2.2200,2.2200,-10.2400,-10.2400,-10.2400,-10.2400,-10.2400,-10.2400,-10.2400,-10.2400
2025-06-15_05:15:04.229,1,1,1,1,2.2250,2.2250,2.2250,2.2250,2.2200,0.0000,2.2200,2.2200,-10.2400,-10.2400,-10.2400,-10.2400,-10.2400,-10.2400,-10.2400,-10.2400
2025-06-15_05:15:05.233,1,1,1,1,2.2250,2.2250,2.2250,2.2250,2.2200,0.0000,2.2200,2.2200,-10.2400,-10.2400,-10.2400,-10.2400,-10.2400,-10.2400,-10.2400,-10.2400
2025-06-15_05:15:06.238,1,1,1,1,2.2250,2.2250,2.2250,2.2250,2.2200,0.0000,2.2200,2.2200,-10.2400,-10.2400,-10.2400,-10.2400,-10.2400,-10.2400,-10.2400,-10.2400
2025-06-15_05:15:07.242,1,1,1,1,2.2250,2.2250,2.2250,2.2250,2.2200,0.0000,2.2200,2.2200,-10.2400,-10.2400,-10.2400,-10.2400,-10.2400,-10.2400,-10.2400,-10.2400
2025-06-15_05:15:08.246,1,1,1,1,2.2200,2.2250,2.2250,2.2250,2.2200,0.0000,2.2200,2.2200,-10.2400,-10.2400,-10.2400,-10.2400,-10.2400,-10.2400,-10.2400,-10.2400
2025-06-15_05:15:09.251,1,1,1,1,2.2200,2.2250,2.2250,2.2250,2.2200,0.0000,2.2200,2.2200,-10.2400,-10.2400,-10.2400,-10.2400,-10.2400,-10.2400,-10.2400,-10.2400
2025-06-15_05:15:10.255,1,1,1,1,2.2200,2.2250,2.2250,2.2250,2.2200,0.0000,2.2200,2.2200,-10.2400,-10.2400,-10.2400,-10.2400,-10.2400,-10.2400,-10.2400,-10.2400
2025-06-15_05:15:11.260,1,1,1,1,2.2250,2.2250,2.2250,2.2250,2.2200,0.0000,2.2200,2.2200,-10.2400,-10.2400,-10.2400,-10.2400,-10.2400,-10.2400,-10.2400,-10.2400
2025-06-15_05:15:12.263,1,1,1,1,2.2250,2.2250,2.2250,2.2250,2.2200,0.0000,2.2200,2.2200,-10.2400,-10.2400,-10.2400,-10.2400,-10.2400,-10.2400,-10.2400,-10.2400
2025-06-15_05:15:13.267,1,1,1,1,2.2250,2.2250,2.2250,2.2250,2.2200,0.0000,2.2200,2.2200,-10.2400,-10.2400,-10.2400,-10.2400,-10.2400,-10.2400,-10.2400,-10.2400
2025-06-15_05:15:14.272,1,1,1,1,2.2200,2.2250,2.2250,2.2250,2.2200,0.0000,2.2200,2.2200,-10.2400,-10.2400,-10.2400,-10.2400,-10.2400,-10.2400,-10.2400,-10.2400
2025-06-15_05:15:15.276,1,1,1,1,2.2250,2.2250,2.2250,2.2250,2.2200,0.0000,2.2200,2.2200,-10.2400,-10.2400,-10.2400,-10.2400,-10.2400,-10.2400,-10.2400,-10.2400
2025-06-15_05:15:16.281,1,1,1,1,2.2250,2.2250,2.2250,2.2250,2.2200,0.0000,2.2200,2.2200,-10.2400,-10.2400,-10.2400,-10.2400,-10.2400,-10.2400,-10.2400,-10.2400
2025-06-15_05:15:17.286,1,1,1,1,2.2250,2.2250,2.2250,2.2250,2.2200,0.0000,2.2200,2.2200,-10.2400,-10.2400,-10.2400,-10.2400,-10.2400,-10.2400,-10.2400,-10.2400
2025-06-15_05:15:18.289,1,1,1,1,2.2200,2.2250,2.2250,2.2250,2.2200,0.0000,2.2200,2.2200,-10.2400,-10.2400,-10.2400,-10.2400,-10.2400,-10.2400,-10.2400,-10.2400
2025-06-15_05:15:19.294,1,1,1,1,2.2250,2.2250,2.2250,2.2250,2.2200,0.0000,2.2200,2.2200,-10.2400,-10.2400,-10.2400,-10.2400,-10.2400,-10.2400,-10.2400,-10.2400
2025-06-15_05:15:20.299,1,1,1,1,2.2250,2.2250,2.2250,2.2250,2.2200,0.0000,2.2200,2.2200,-10.2400,-10.2400,-10.2400,-10.2400,-10.2400,-10.2400,-10.2400,-10.2400
2025-06-15_05:15:21.303,1,1,1,1,2.2250,2.2250,2.2250,2.2250,2.2200,0.0000,2.2200,2.2200,-10.2400,-10.2400,-10.2400,-10.2400,-10.2400,-10.2400,-10.2400,-10.2400
2025-06-15_05:15:22.307,1,1,1,1,2.2250,2.2250,2.2250,2.2250,2.2200,0.0000,2.2200,2.2200,-10.2400,-10.2400,-10.2400,-10.2400,-10.2400,-10.2400,-10.2400,-10.2400
2025-06-15_05:15:23.310,1,1,1,1,2.2250,2.2250,2.2250,2.2250,2.2200,0.0000,2.2200,2.2200,-10.2400,-10.2400,-10.2400,-10.2400,-10.2400,-10.2400,-10.2400,-10.2400
2025-06-15_05:15:24.313,1,1,1,1,2.2250,2.2250,2.2200,2.2250,2.2200,0.0000,2.2200,2.2200,-10.2400,-10.2400,-10.2400,-10.2400,-10.2400,-10.2400,-10.2400,-10.2400
2025-06-15_05:15:25.316,1,1,1,1,2.2250,2.2250,2.2250,2.2250,2.2200,0.0000,2.2200,2.2200,-10.2400,-10.2400,-10.2400,-10.2400,-10.2400,-10.2400,-10.2400,-10.2400
2025-06-15_05:15:26.320,1,1,1,1,2.2200,2.2250,2.2250,2.2250,2.2200,0.0000,2.2200,2.2200,-10.2400,-10.2400,-10.2400,-10.2400,-10.2400,-10.2400,-10.2400,-10.2400
2025-06-15_05:15:27.325,1,1,1,1,2.2250,2.2250,2.2250,2.2250,2.2200,0.0000,2.2200,2.2200,-10.2400,-10.2400,-10.2400,-10.2400,-10.2400,-10.2400,-10.2400,-10.2400
2025-06-15_05:15:28.329,1,1,1,1,2.2200,2.2250,2.2250,2.2250,2.2200,0.0000,2.2200,2.2200,-10.2400,-10.2400,-10.2400,-10.2400,-10.2400,-10.2400,-10.2400,-10.2400
2025-06-15_05:15:29.332,1,1,1,1,2.2200,2.2250,2.2250,2.2250,2.2200,0.0000,2.2200,2.2200,-10.2400,-10.2400,-10.2400,-10.2400,-10.2400,-10.2400,-10.2400,-10.2400
2025-06-15_05:15:30.337,1,1,1,1,2.2200,2.2250,2.2250,2.2250,2.2200,0.0000,2.2200,2.2200,-10.2400,-10.2400,-10.2400,-10.2400,-10.2400,-10.2400,-10.2400,-10.2400
2025-06-15_05:15:31.340,1,1,1,1,2.2200,2.2250,2.2250,2.2250,2.2200,0.0000,2.2200,2.2200,-10.2400,-10.2400,-10.2400,-10.2400,-10.2400,-10.2400,-10.2400,-10.2400
2025-06-15_05:15:32.344,1,1,1,1,2.2250,2.2250,2.2250,2.2250,2.2200,0.0000,2.2200,2.2200,-10.2400,-10.2400,-10.2400,-10.2400,-10.2400,-10.2400,-10.2400,-10.2400
2025-06-15_05:15:33.347,1,1,1,1,2.2250,2.2250,2.2250,2.2250,2.2200,0.0000,2.2200,2.2200,-10.2400,-10.2400,-10.2400,-10.2400,-10.2400,-10.2400,-10.2400,-10.2400
2025-06-15_05:15:34.351,1,1,1,1,2.2200,2.2250,2.2250,2.2250,2.2200,0.0000,2.2200,2.2200,-10.2400,-10.2400,-10.2400,-10.2400,-10.2400,-10.2400,-10.2400,-10.2400
2025-06-15_05:15:35.355,1,1,1,1,2.2250,2.2250,2.2250,2.2250,2.2200,0.0000,2.2200,2.2200,-10.2400,-10.2400,-10.2400,-10.2400,-10.2400,-10.2400,-10.2400,-10.2400
2025-06-15_05:15:36.359,1,1,1,1,2.2250,2.2250,2.2250,2.2250,2.2200,0.0000,2.2200,2.2200,-10.2400,-10.2400,-10.2400,-10.2400,-10.2400,-10.2400,-10.2400,-10.2400
2025-06-15_05:15:37.363,1,1,1,1,2.2250,2.2250,2.2250,2.2250,2.2200,0.0000,2.2200,2.2200,-10.2400,-10.2400,-10.2400,-10.2400,-10.2400,-10.2400,-10.2400,-10.2400
2025-06-15_05:15:38.370,1,1,1,1,2.2250,2.2250,2.2250,2.2250,2.2200,0.0000,2.2200,2.2200,-10.2400,-10.2400,-10.2400,-10.2400,-10.2400,-10.2400,-10.2400,-10.2400
2025-06-15_05:15:39.374,1,1,1,1,2.2250,2.2250,2.2250,2.2250,2.2200,0.0000,2.2200,2.2200,-10.2400,-10.2400,-10.2400,-10.2400,-10.2400,-10.2400,-10.2400,-10.2400
2025-06-15_05:15:40.379,1,1,1,1,2.2250,2.2250,2.2250,2.2250,2.2200,0.0000,2.2200,2.2200,-10.2400,-10.2400,-10.2400,-10.2400,-10.2400,-10.2400,-10.2400,-10.2400
2025-06-15_05:15:41.383,1,1,1,1,2.2250,2.2250,2.2250,2.2250,2.2200,0.0000,2.2200,2.2200,-10.2400,-10.2400,-10.2400,-10.2400,-10.2400,-10.2400,-10.2400,-10.2400
2025-06-15_05:15:42.388,1,1,1,1,2.2250,2.2250,2.2250,2.2250,2.2200,0.0000,2.2200,2.2200,-10.2400,-10.2400,-10.2400,-10.2400,-10.2400,-10.2400,-10.2400,-10.2400
2025-06-15_05:15:43.392,1,1,1,1,2.2200,2.2250,2.2250,2.2250,2.2200,0.0000,2.2200,2.2200,-10.2400,-10.2400,-10.2400,-10.2400,-10.2400,-10.2400,-10.2400,-10.2400
2025-06-15_05:15:44.395,1,1,1,1,2.2250,2.2250,2.2250,2.2250,2.2200,0.0000,2.2200,2.2200,-10.2400,-10.2400,-10.2400,-10.2400,-10.2400,-10.2400,-10.2400,-10.2400
2025-06-15_05:15:45.400,1,1,1,1,2.2200,2.2250,2.2250,2.2250,2.2200,0.0000,2.2200,2.2200,-10.2400,-10.2400,-10.2400,-10.2400,-10.2400,-10.2400,-10.2400,-10.2400
2025-06-15_05:15:46.403,1,1,1,1,2.2250,2.2250,2.2250,2.2250,2.2200,0.0000,2.2200,2.2200,-10.2400,-10.2400,-10.2400,-10.2400,-10.2400,-10.2400,-10.2400,-10.2400
2025-06-15_05:15:47.407,1,1,1,1,2.2250,2.2250,2.2250,2.2250,2.2200,0.0000,2.2200,2.2200,-10.2400,-10.2400,-10.2400,-10.2400,-10.2400,-10.2400,-10.2400,-10.2400
2025-06-15_05:15:48.412,1,1,1,1,2.2250,2.2250,2.2250,2.2250,2.2200,0.0000,2.2200,2.2200,-10.2400,-10.2400,-10.2400,-10.2400,-10.2400,-10.2400,-10.2400,-10.2400
2025-06-15_05:15:49.417,1,1,1,1,2.2200,2.2250,2.2250,2.2250,2.2200,0.0000,2.2200,2.2200,-10.2400,-10.2400,-10.2400,-10.2400,-10.2400,-10.2400,-10.2400,-10.2400
2025-06-15_05:15:50.421,1,1,1,1,2.2250,2.2250,2.2250,2.2250,2.2200,0.0000,2.2200,2.2200,-10.2400,-10.2400,-10.2400,-10.2400,-10.2400,-10.2400,-10.2400,-10.2400
2025-06-15_05:15:51.424,1,1,1,1,2.2250,2.2250,2.2250,2.2250,2.2200,0.0000,2.2200,2.2200,-10.2400,-10.2400,-10.2400,-10.2400,-10.2400,-10.2400,-10.2400,-10.2400
2025-06-15_05:15:52.429,1,1,1,1,2.2250,2.2250,2.2250,2.2250,2.2200,0.0000,2.2200,2.2200,-10.2400,-10.2400,-10.2400,-10.2400,-10.2400,-10.2400,-10.2400,-10.2400
2025-06-15_05:15:53.435,1,1,1,1,2.2250,2.2250,2.2250,2.2250,2.2200,0.0000,2.2200,2.2200,-10.2400,-10.2400,-10.2400,-10.2400,-10.2400,-10.2400,-10.2400,-10.2400
2025-06-15_05:15:54.439,1,1,1,1,2.2250,2.2250,2.2250,2.2250,2.2200,0.0000,2.2200,2.2200,-10.2400,-10.2400,-10.2400,-10.2400,-10.2400,-10.2400,-10.2400,-10.2400
2025-06-15_05:15:55.444,1,1,1,1,2.2250,2.2250,2.2250,2.2250,2.2200,0.0000,2.2200,2.2200,-10.2400,-10.2400,-10.2400,-10.2400,-10.2400,-10.2400,-10.2400,-10.2400
2025-06-15_05:15:56.448,1,1,1,1,2.2200,2.2250,2.2250,2.2250,2.2200,0.0000,2.2200,2.2200,-10.2400,-10.2400,-10.2400,-10.2400,-10.2400,-10.2400,-10.2400,-10.2400
2025-06-15_05:15:57.453,1,1,1,1,2.2250,2.2250,2.2250,2.2250,2.2200,0.0000,2.2200,2.2200,-10.2400,-10.2400,-10.2400,-10.2400,-10.2400,-10.2400,-10.2400,-10.2400
2025-06-15_05:15:58.457,1,1,1,1,2.2200,2.2250,2.2250,2.2250,2.2200,0.0000,2.2200,2.2200,-10.2400,-10.2400,-10.2400,-10.2400,-10.2400,-10.2400,-10.2400,-10.2400
2025-06-15_05:15:59.461,1,1,1,1,2.2250,2.2250,2.2250,2.2250,2.2200,0.0000,2.2200,2.2200,-10.2400,-10.2400,-10.2400,-10.2400,-10.2400,-10.2400,-10.2400,-10.2400
2025-06-15_05:16:00.467,1,1,1,1,2.2250,2.2250,2.2250,2.2250,2.2200,0.0000,2.2200,2.2200,-10.2400,-10.2400,-10.2400,-10.2400,-10.2400,-10.2400,-10.2400,-10.2400
2025-06-15_05:16:01.470,1,1,1,1,2.2250,2.2250,2.2250,2.2250,2.2200,0.0000,2.2200,2.2200,-10.2400,-10.2400,-10.2400,-10.2400,-10.2400,-10.2400,-10.2400,-10.2400
2025-06-15_05:16:02.475,1,1,1,1,2.2250,2.2250,2.2250,2.2250,2.2200,0.0000,2.2200,2.2200,-10.2400,-10.2400,-10.2400,-10.2400,-10.2400,-10.2400,-10.2400,-10.2400
2025-06-15_05:16:03.479,1,1,1,1,2.2250,2.2250,2.2250,2.2250,2.2200,0.0000,2.2200,2.2200,-10.2400,-10.2400,-10.2400,-10.2400,-10.2400,-10.2400,-10.2400,-10.2400
2025-06-15_05:16:04.482,1,1,1,1,2.2250,2.2250,2.2250,2.2250,2.2200,0.0000,2.2200,2.2200,-10.2400,-10.2400,-10.2400,-10.2400,-10.2400,-10.2400,-10.2400,-10.2400
2025-06-15_05:16:05.486,1,1,1,1,2.2250,2.2250,2.2250,2.2250,2.2200,0.0000,2.2200,2.2200,-10.2400,-10.2400,-10.2400,-10.2400,-10.2400,-10.2400,-10.2400,-10.2400
2025-06-15_05:16:06.490,1,1,1,1,2.2250,2.2250,2.2250,2.2250,2.2200,0.0000,2.2200,2.2200,-10.2400,-10.2400,-10.2400,-10.2400,-10.2400,-10.2400,-10.2400,-10.2400
2025-06-15_05:16:07.494,1,1,1,1,2.2250,2.2250,2.2250,2.2250,2.2200,0.0000,2.2200,2.2200,-10.2400,-10.2400,-10.2400,-10.2400,-10.2400,-10.2400,-10.2400,-10.2400
2025-06-15_05:16:08.500,1,1,1,1,2.2200,2.2250,2.2250,2.2250,2.2200,0.0000,2.2200,2.2200,-10.2400,-10.2400,-10.2400,-10.2400,-10.2400,-10.2400,-10.2400,-10.2400
2025-06-15_05:16:09.504,1,1,1,1,2.2200,2.2250,2.2250,2.2250,2.2200,0.0000,2.2200,2.2200,-10.2400,-10.2400,-10.2400,-10.2400,-10.2400,-10.2400,-10.2400,-10.2400
2025-06-15_05:16:10.508,1,1,1,1,2.2250,2.2250,2.2250,2.2250,2.2200,0.0000,2.2200,2.2200,-10.2400,-10.2400,-10.2400,-10.2400,-10.2400,-10.2400,-10.2400,-10.2400
2025-06-15_05:16:11.512,1,1,1,1,2.2250,2.2250,2.2250,2.2250,2.2200,0.0000,2.2200,2.2200,-10.2400,-10.2400,-10.2400,-10.2400,-10.2400,-10.2400,-10.2400,-10.2400
2025-06-15_05:16:12.515,1,1,1,1,2.2250,2.2250,2.2250,2.2250,2.2200,0.0000,2.2200,2.2200,-10.2400,-10.2400,-10.2400,-10.2400,-10.2400,-10.2400,-10.2400,-10.2400
2025-06-15_05:16:13.519,1,1,1,1,2.2200,2.2250,2.2250,2.2250,2.2200,0.0000,2.2200,2.2200,-10.2400,-10.2400,-10.2400,-10.2400,-10.2400,-10.2400,-10.2400,-10.2400
2025-06-15_05:16:14.524,1,1,1,1,2.2250,2.2250,2.2250,2.2250,2.2200,0.0000,2.2200,2.2200,-10.2400,-10.2400,-10.2400,-10.2400,-10.2400,-10.2400,-10.2400,-10.2400
2025-06-15_05:16:15.529,1,1,1,1,2.2200,2.2250,2.2250,2.2250,2.2200,0.0000,2.2200,2.2200,-10.2400,-10.2400,-10.2400,-10.2400,-10.2400,-10.2400,-10.2400,-10.2400
2025-06-15_05:16:16.534,1,1,1,1,2.2250,2.2250,2.2250,2.2250,2.2200,0.0000,2.2200,2.2200,-10.2400,-10.2400,-10.2400,-10.2400,-10.2400,-10.2400,-10.2400,-10.2400
2025-06-15_05:16:17.538,1,1,1,1,2.2250,2.2250,2.2250,2.2250,2.2200,0.0000,2.2200,2.2200,-10.2400,-10.2400,-10.2400,-10.2400,-10.2400,-10.2400,-10.2400,-10.2400
2025-06-15_05:16:18.542,1,1,1,1,2.2250,2.2250,2.2250,2.2250,2.2200,0.0000,2.2200,2.2200,-10.2400,-10.2400,-10.2400,-10.2400,-10.2400,-10.2400,-10.2400,-10.2400
2025-06-15_05:16:19.546,1,1,1,1,2.2250,2.2250,2.2250,2.2250,2.2200,0.0000,2.2200,2.2200,-10.2400,-10.2400,-10.2400,-10.2400,-10.2400,-10.2400,-10.2400,-10.2400
2025-06-15_05:16:20.551,1,1,1,1,2.2200,2.2250,2.2250,2.2250,2.2200,0.0000,2.2200,2.2200,-10.2400,-10.2400,-10.2400,-10.2400,-10.2400,-10.2400,-10.2400,-10.2400
2025-06-15_05:16:21.556,1,1,1,1,2.2250,2.2250,2.2250,2.2250,2.2200,0.0000,2.2200,2.2200,-10.2400,-10.2400,-10.2400,-10.2400,-10.2400,-10.2400,-10.2400,-10.2400
2025-06-15_05:16:22.560,1,1,1,1,2.2250,2.2250,2.2250,2.2250,2.2200,0.0000,2.2200,2.2200,-10.2400,-10.2400,-10.2400,-10.2400,-10.2400,-10.2400,-10.2400,-10.2400
2025-06-15_05:16:23.565,1,1,1,1,2.2250,2.2250,2.2250,2.2250,2.2200,0.0000,2.2200,2.2200,-10.2400,-10.2400,-10.2400,-10.2400,-10.2400,-10.2400,-10.2400,-10.2400
2025-06-15_05:16:24.570,1,1,1,1,2.2250,2.2250,2.2250,2.2250,2.2200,0.0000,2.2200,2.2200,-10.2400,-10.2400,-10.2400,-10.2400,-10.2400,-10.2400,-10.2400,-10.2400
2025-06-15_05:16:25.574,1,1,1,1,2.2200,2.2250,2.2200,2.2250,2.2200,0.0000,2.2200,2.2200,-10.2400,-10.2400,-10.2400,-10.2400,-10.2400,-10.2400,-10.2400,-10.2400
2025-06-15_05:16:26.579,1,1,1,1,2.2200,2.2250,2.2250,2.2250,2.2200,0.0000,2.2200,2.2200,-10.2400,-10.2400,-10.2400,-10.2400,-10.2400,-10.2400,-10.2400,-10.2400
2025-06-15_05:16:27.583,1,1,1,1,2.2250,2.2250,2.2250,2.2250,2.2200,0.0000,2.2200,2.2200,-10.2400,-10.2400,-10.2400,-10.2400,-10.2400,-10.2400,-10.2400,-10.2400
2025-06-15_05:16:28.589,1,1,1,1,2.2200,2.2250,2.2250,2.2250,2.2200,0.0000,2.2200,2.2200,-10.2400,-10.2400,-10.2400,-10.2400,-10.2400,-10.2400,-10.2400,-10.2400
2025-06-15_05:16:29.593,1,1,1,1,2.2200,2.2250,2.2250,2.2250,2.2200,0.0000,2.2200,2.2200,-10.2400,-10.2400,-10.2400,-10.2400,-10.2400,-10.2400,-10.2400,-10.2400
2025-06-15_05:16:30.596,1,1,1,1,2.2250,2.2250,2.2250,2.2250,2.2200,0.0000,2.2200,2.2200,-10.2400,-10.2400,-10.2400,-10.2400,-10.2400,-10.2400,-10.2400,-10.2400
2025-06-15_05:16:31.601,1,1,1,1,2.2250,2.2250,2.2250,2.2250,2.2200,0.0000,2.2200,2.2200,-10.2400,-10.2400,-10.2400,-10.2400,-10.2400,-10.2400,-10.2400,-10.2400
2025-06-15_05:16:32.604,1,1,1,1,2.2200,2.2250,2.2250,2.2250,2.2200,0.0000,2.2200,2.2200,-10.2400,-10.2400,-10.2400,-10.2400,-10.2400,-10.2400,-10.2400,-10.2400
2025-06-15_05:16:33.609,1,1,1,1,2.2250,2.2250,2.2250,2.2250,2.2200,0.0000,2.2200,2.2200,-10.2400,-10.2400,-10.2400,-10.2400,-10.2400,-10.2400,-10.2400,-10.2400
2025-06-15_05:16:34.612,1,1,1,1,2.2250,2.2250,2.2250,2.2250,2.2200,0.0000,2.2200,2.2200,-10.2400,-10.2400,-10.2400,-10.2400,-10.2400,-10.2400,-10.2400,-10.2400
2025-06-15_05:16:35.617,1,1,1,1,2.2200,2.2250,2.2250,2.2250,2.2200,0.0000,2.2200,2.2200,-10.2400,-10.2400,-10.2400,-10.2400,-10.2400,-10.2400,-10.2400,-10.2400
2025-06-15_05:16:36.621,1,1,1,1,2.2250,2.2250,2.2250,2.2250,2.2200,0.0000,2.2200,2.2200,-10.2400,-10.2400,-10.2400,-10.2400,-10.2400,-10.2400,-10.2400,-10.2400
2025-06-15_05:16:37.626,1,1,1,1,2.2250,2.2250,2.2250,2.2250,2.2200,0.0000,2.2200,2.2200,-10.2400,-10.2400,-10.2400,-10.2400,-10.2400,-10.2400,-10.2400,-10.2400
2025-06-15_05:16:38.631,1,1,1,1,2.2250,2.2250,2.2250,2.2250,2.2200,0.0000,2.2200,2.2200,-10.2400,-10.2400,-10.2400,-10.2400,-10.2400,-10.2400,-10.2400,-10.2400
2025-06-15_05:16:39.636,1,1,1,1,2.2200,2.2250,2.2200,2.2250,2.2200,0.0000,2.2200,2.2200,-10.2400,-10.2400,-10.2400,-10.2400,-10.2400,-10.2400,-10.2400,-10.2400
2025-06-15_05:16:40.641,1,1,1,1,2.2200,2.2250,2.2250,2.2250,2.2200,0.0000,2.2200,2.2200,-10.2400,-10.2400,-10.2400,-10.2400,-10.2400,-10.2400,-10.2400,-10.2400
2025-06-15_05:16:41.646,1,1,1,1,2.2200,2.2250,2.2250,2.2250,2.2200,0.0000,2.2200,2.2200,-10.2400,-10.2400,-10.2400,-10.2400,-10.2400,-10.2400,-10.2400,-10.2400
2025-06-15_05:16:42.651,1,1,1,1,2.2200,2.2250,2.2250,2.2250,2.2200,0.0000,2.2200,2.2200,-10.2400,-10.2400,-10.2400,-10.2400,-10.2400,-10.2400,-10.2400,-10.2400
2025-06-15_05:16:43.655,1,1,1,1,2.2200,2.2250,2.2250,2.2250,2.2200,0.0000,2.2200,2.2200,-10.2400,-10.2400,-10.2400,-10.2400,-10.2400,-10.2400,-10.2400,-10.2400
2025-06-15_05:16:44.659,1,1,1,1,2.2250,2.2250,2.2250,2.2250,2.2200,0.0000,2.2200,2.2200,-10.2400,-10.2400,-10.2400,-10.2400,-10.2400,-10.2400,-10.2400,-10.2400
2025-06-15_05:16:45.663,1,1,1,1,2.2250,2.2250,2.2250,2.2250,2.2200,0.0000,2.2200,2.2200,-10.2400,-10.2400,-10.2400,-10.2400,-10.2400,-10.2400,-10.2400,-10.2400
2025-06-15_05:16:46.668,1,1,1,1,2.2250,2.2250,2.2250,2.2250,2.2200,0.0000,2.2200,2.2200,-10.2400,-10.2400,-10.2400,-10.2400,-10.2400,-10.2400,-10.2400,-10.2400
2025-06-15_05:16:47.672,1,1,1,1,2.2250,2.2250,2.2250,2.2250,2.2200,0.0000,2.2200,2.2200,-10.2400,-10.2400,-10.2400,-10.2400,-10.2400,-10.2400,-10.2400,-10.2400
2025-06-15_05:16:48.676,1,1,1,1,2.2250,2.2250,2.2250,2.2250,2.2200,0.0000,2.2200,2.2200,-10.2400,-10.2400,-10.2400,-10.2400,-10.2400,-10.2400,-10.2400,-10.2400
2025-06-15_05:16:49.679,1,1,1,1,2.2250,2.2250,2.2250,2.2250,2.2200,0.0000,2.2200,2.2200,-10.2400,-10.2400,-10.2400,-10.2400,-10.2400,-10.2400,-10.2400,-10.2400
2025-06-15_05:16:50.683,1,1,1,1,2.2250,2.2250,2.2200,2.2250,2.2200,0.0000,2.2200,2.2200,-10.2400,-10.2400,-10.2400,-10.2400,-10.2400,-10.2400,-10.2400,-10.2400
2025-06-15_05:16:51.687,1,1,1,1,2.2250,2.2250,2.2250,2.2250,2.2200,0.0000,2.2200,2.2200,-10.2400,-10.2400,-10.2400,-10.2400,-10.2400,-10.2400,-10.2400,-10.2400
2025-06-15_05:16:52.691,1,1,1,1,2.2250,2.2250,2.2250,2.2250,2.2200,0.0000,2.2200,2.2200,-10.2400,-10.2400,-10.2400,-10.2400,-10.2400,-10.2400,-10.2400,-10.2400
2025-06-15_05:16:53.696,1,1,1,1,2.2250,2.2250,2.2250,2.2250,2.2200,0.0000,2.2200,2.2200,-10.2400,-10.2400,-10.2400,-10.2400,-10.2400,-10.2400,-10.2400,-10.2400
2025-06-15_05:16:54.700,1,1,1,1,2.2250,2.2250,2.2250,2.2250,2.2200,0.0000,2.2200,2.2200,-10.2400,-10.2400,-10.2400,-10.2400,-10.2400,-10.2400,-10.2400,-10.2400
2025-06-15_05:16:55.705,1,1,1,1,2.2200,2.2250,2.2250,2.2250,2.2200,0.0000,2.2200,2.2200,-10.2400,-10.2400,-10.2400,-10.2400,-10.2400,-10.2400,-10.2400,-10.2400
2025-06-15_05:16:56.709,1,1,1,1,2.2250,2.2250,2.2250,2.2250,2.2200,0.0000,2.2200,2.2200,-10.2400,-10.2400,-10.2400,-10.2400,-10.2400,-10.2400,-10.2400,-10.2400
2025-06-15_05:16:57.712,1,1,1,1,2.2250,2.2250,2.2250,2.2250,2.2200,0.0000,2.2200,2.2200,-10.2400,-10.2400,-10.2400,-10.2400,-10.2400,-10.2400,-10.2400,-10.2400
2025-06-15_05:16:58.717,1,1,1,1,2.2250,2.2250,2.2250,2.2250,2.2200,0.0000,2.2200,2.2200,-10.2400,-10.2400,-10.2400,-10.2400,-10.2400,-10.2400,-10.2400,-10.2400
2025-06-15_05:16:59.721,1,1,1,1,2.2250,2.2250,2.2250,2.2250,2.2200,0.0000,2.2200,2.2200,-10.2400,-10.2400,-10.2400,-10.2400,-10.2400,-10.2400,-10.2400,-10.2400
2025-06-15_05:17:00.725,1,1,1,1,2.2250,2.2250,2.2250,2.2250,2.2200,0.0000,2.2200,2.2200,-10.2400,-10.2400,-10.2400,-10.2400,-10.2400,-10.2400,-10.2400,-10.2400
2025-06-15_05:17:01.728,1,1,1,1,2.2250,2.2250,2.2250,2.2250,2.2200,0.0000,2.2200,2.2200,-10.2400,-10.2400,-10.2400,-10.2400,-10.2400,-10.2400,-10.2400,-10.2400
2025-06-15_05:17:02.731,1,1,1,1,2.2250,2.2250,2.2250,2.2250,2.2200,0.0000,2.2200,2.2200,-10.2400,-10.2400,-10.2400,-10.2400,-10.2400,-10.2400,-10.2400,-10.2400
2025-06-15_05:17:03.735,1,1,1,1,2.2250,2.2250,2.2250,2.2250,2.2200,0.0000,2.2200,2.2200,-10.2400,-10.2400,-10.2400,-10.2400,-10.2400,-10.2400,-10.2400,-10.2400
2025-06-15_05:17:04.738,1,1,1,1,2.2250,2.2250,2.2250,2.2250,2.2200,0.0000,2.2200,2.2200,-10.2400,-10.2400,-10.2400,-10.2400,-10.2400,-10.2400,-10.2400,-10.2400
2025-06-15_05:17:05.742,1,1,1,1,2.2250,2.2250,2.2250,2.2250,2.2200,0.0000,2.2200,2.2200,-10.2400,-10.2400,-10.2400,-10.2400,-10.2400,-10.2400,-10.2400,-10.2400
2025-06-15_05:17:06.745,1,1,1,1,2.2250,2.2250,2.2250,2.2250,2.2200,0.0000,2.2200,2.2200,-10.2400,-10.2400,-10.2400,-10.2400,-10.2400,-10.2400,-10.2400,-10.2400
2025-06-15_05:17:07.750,1,1,1,1,2.2250,2.2250,2.2250,2.2250,2.2200,0.0000,2.2200,2.2200,-10.2400,-10.2400,-10.2400,-10.2400,-10.2400,-10.2400,-10.2400,-10.2400
2025-06-15_05:17:08.754,1,1,1,1,2.2250,2.2250,2.2200,2.2250,2.2200,0.0000,2.2200,2.2200,-10.2400,-10.2400,-10.2400,-10.2400,-10.2400,-10.2400,-10.2400,-10.2400
2025-06-15_05:17:09.759,1,1,1,1,2.2250,2.2250,2.2250,2.2250,2.2200,0.0000,2.2200,2.2200,-10.2400,-10.2400,-10.2400,-10.2400,-10.2400,-10.2400,-10.2400,-10.2400
2025-06-15_05:17:10.763,1,1,1,1,2.2250,2.2250,2.2250,2.2250,2.2200,0.0000,2.2200,2.2200,-10.2400,-10.2400,-10.2400,-10.2400,-10.2400,-10.2400,-10.2400,-10.2400
2025-06-15_05:17:11.768,1,1,1,1,2.2200,2.2250,2.2250,2.2250,2.2200,0.0000,2.2200,2.2200,-10.2400,-10.2400,-10.2400,-10.2400,-10.2400,-10.2400,-10.2400,-10.2400
2025-06-15_05:17:12.771,1,1,1,1,2.2250,2.2250,2.2250,2.2250,2.2200,0.0000,2.2200,2.2200,-10.2400,-10.2400,-10.2400,-10.2400,-10.2400,-10.2400,-10.2400,-10.2400
2025-06-15_05:17:13.776,1,1,1,1,2.2250,2.2250,2.2250,2.2250,2.2200,0.0000,2.2200,2.2200,-10.2400,-10.2400,-10.2400,-10.2400,-10.2400,-10.2400,-10.2400,-10.2400
2025-06-15_05:17:14.780,1,1,1,1,2.2250,2.2250,2.2250,2.2250,2.2200,0.0000,2.2200,2.2200,-10.2400,-10.2400,-10.2400,-10.2400,-10.2400,-10.2400,-10.2400,-10.2400
2025-06-15_05:17:15.784,1,1,1,1,2.2200,2.2250,2.2250,2.2250,2.2200,0.0000,2.2200,2.2200,-10.2400,-10.2400,-10.2400,-10.2400,-10.2400,-10.2400,-10.2400,-10.2400
2025-06-15_05:17:16.787,1,1,1,1,2.2200,2.2250,2.2250,2.2250,2.2200,0.0000,2.2200,2.2200,-10.2400,-10.2400,-10.2400,-10.2400,-10.2400,-10.2400,-10.2400,-10.2400
2025-06-15_05:17:17.791,1,1,1,1,2.2250,2.2250,2.2250,2.2250,2.2200,0.0000,2.2200,2.2200,-10.2400,-10.2400,-10.2400,-10.2400,-10.2400,-10.2400,-10.2400,-10.2400
2025-06-15_05:17:18.796,1,1,1,1,2.2250,2.2250,2.2250,2.2250,2.2200,0.0000,2.2200,2.2200,-10.2400,-10.2400,-10.2400,-10.2400,-10.2400,-10.2400,-10.2400,-10.2400
2025-06-15_05:17:19.800,1,1,1,1,2.2250,2.2250,2.2250,2.2250,2.2200,0.0000,2.2200,2.2200,-10.2400,-10.2400,-10.2400,-10.2400,-10.2400,-10.2400,-10.2400,-10.2400
2025-06-15_05:17:20.804,1,1,1,1,2.2250,2.2250,2.2250,2.2250,2.2200,0.0000,2.2200,2.2200,-10.2400,-10.2400,-10.2400,-10.2400,-10.2400,-10.2400,-10.2400,-10.2400
2025-06-15_05:17:21.809,1,1,1,1,2.2250,2.2250,2.2250,2.2250,2.2200,0.0000,2.2200,2.2200,-10.2400,-10.2400,-10.2400,-10.2400,-10.2400,-10.2400,-10.2400,-10.2400
2025-06-15_05:17:22.812,1,1,1,1,2.2250,2.2250,2.2250,2.2250,2.2200,0.0000,2.2200,2.2200,-10.2400,-10.2400,-10.2400,-10.2400,-10.2400,-10.2400,-10.2400,-10.2400
2025-06-15_05:17:23.816,1,1,1,1,2.2250,2.2250,2.2250,2.2250,2.2200,0.0000,2.2200,2.2200,-10.2400,-10.2400,-10.2400,-10.2400,-10.2400,-10.2400,-10.2400,-10.2400
2025-06-15_05:17:24.819,1,1,1,1,2.2250,2.2250,2.2200,2.2250,2.2200,0.0000,2.2200,2.2200,-10.2400,-10.2400,-10.2400,-10.2400,-10.2400,-10.2400,-10.2400,-10.2400
2025-06-15_05:17:25.822,1,1,1,1,2.2250,2.2250,2.2250,2.2250,2.2200,0.0000,2.2200,2.2200,-10.2400,-10.2400,-10.2400,-10.2400,-10.2400,-10.2400,-10.2400,-10.2400
2025-06-15_05:17:26.825,1,1,1,1,2.2250,2.2250,2.2250,2.2250,2.2200,0.0000,2.2200,2.2200,-10.2400,-10.2400,-10.2400,-10.2400,-10.2400,-10.2400,-10.2400,-10.2400
2025-06-15_05:17:27.829,1,1,1,1,2.2250,2.2250,2.2250,2.2250,2.2200,0.0000,2.2200,2.2200,-10.2400,-10.2400,-10.2400,-10.2400,-10.2400,-10.2400,-10.2400,-10.2400
2025-06-15_05:17:28.833,1,1,1,1,2.2250,2.2250,2.2250,2.2250,2.2200,0.0000,2.2200,2.2200,-10.2400,-10.2400,-10.2400,-10.2400,-10.2400,-10.2400,-10.2400,-10.2400
2025-06-15_05:17:29.836,1,1,1,1,2.2250,2.2250,2.2250,2.2250,2.2200,0.0000,2.2200,2.2200,-10.2400,-10.2400,-10.2400,-10.2400,-10.2400,-10.2400,-10.2400,-10.2400
2025-06-15_05:17:30.840,1,1,1,1,2.2250,2.2250,2.2250,2.2250,2.2200,0.0000,2.2200,2.2200,-10.2400,-10.2400,-10.2400,-10.2400,-10.2400,-10.2400,-10.2400,-10.2400
2025-06-15_05:17:31.843,1,1,1,1,2.2250,2.2250,2.2250,2.2250,2.2200,0.0000,2.2200,2.2200,-10.2400,-10.2400,-10.2400,-10.2400,-10.2400,-10.2400,-10.2400,-10.2400
2025-06-15_05:17:32.846,1,1,1,1,2.2250,2.2250,2.2250,2.2250,2.2200,0.0000,2.2200,2.2200,-10.2400,-10.2400,-10.2400,-10.2400,-10.2400,-10.2400,-10.2400,-10.2400
2025-06-15_05:17:33.851,1,1,1,1,2.2250,2.2250,2.2250,2.2250,2.2200,0.0000,2.2200,2.2200,-10.2400,-10.2400,-10.2400,-10.2400,-10.2400,-10.2400,-10.2400,-10.2400
2025-06-15_05:17:34.855,1,1,1,1,2.2250,2.2250,2.2250,2.2250,2.2200,0.0000,2.2200,2.2200,-10.2400,-10.2400,-10.2400,-10.2400,-10.2400,-10.2400,-10.2400,-10.2400
2025-06-15_05:17:35.860,1,1,1,1,2.2250,2.2250,2.2250,2.2250,2.2200,0.0000,2.2200,2.2200,-10.2400,-10.2400,-10.2400,-10.2400,-10.2400,-10.2400,-10.2400,-10.2400
2025-06-15_05:17:36.865,1,1,1,1,2.2250,2.2250,2.2250,2.2250,2.2200,0.0000,2.2200,2.2200,-10.2400,-10.2400,-10.2400,-10.2400,-10.2400,-10.2400,-10.2400,-10.2400
2025-06-15_05:17:37.870,1,1,1,1,2.2250,2.2250,2.2250,2.2250,2.2200,0.0000,2.2200,2.2200,-10.2400,-10.2400,-10.2400,-10.2400,-10.2400,-10.2400,-10.2400,-10.2400
2025-06-15_05:17:38.874,1,1,1,1,2.2250,2.2250,2.2250,2.2250,2.2200,0.0000,2.2200,2.2200,-10.2400,-10.2400,-10.2400,-10.2400,-10.2400,-10.2400,-10.2400,-10.2400
2025-06-15_05:17:39.878,1,1,1,1,2.2250,2.2250,2.2250,2.2250,2.2200,0.0000,2.2200,2.2200,-10.2400,-10.2400,-10.2400,-10.2400,-10.2400,-10.2400,-10.2400,-10.2400
2025-06-15_05:17:40.882,1,1,1,1,2.2250,2.2250,2.2250,2.2250,2.2200,0.0000,2.2200,2.2200,-10.2400,-10.2400,-10.2400,-10.2400,-10.2400,-10.2400,-10.2400,-10.2400
2025-06-15_05:17:41.886,1,1,1,1,2.2200,2.2250,2.2250,2.2250,2.2200,0.0000,2.2200,2.2200,-10.2400,-10.2400,-10.2400,-10.2400,-10.2400,-10.2400,-10.2400,-10.2400
2025-06-15_05:17:42.891,1,1,1,1,2.2250,2.2250,2.2250,2.2250,2.2200,0.0000,2.2200,2.2200,-10.2400,-10.2400,-10.2400,-10.2400,-10.2400,-10.2400,-10.2400,-10.2400
2025-06-15_05:17:43.895,1,1,1,1,2.2250,2.2250,2.2200,2.2250,2.2200,0.0000,2.2200,2.2200,-10.2400,-10.2400,-10.2400,-10.2400,-10.2400,-10.2400,-10.2400,-10.2400
2025-06-15_05:17:44.899,1,1,1,1,2.2250,2.2250,2.2250,2.2250,2.2200,0.0000,2.2200,2.2200,-10.2400,-10.2400,-10.2400,-10.2400,-10.2400,-10.2400,-10.2400,-10.2400
2025-06-15_05:17:45.904,1,1,1,1,2.2250,2.2250,2.2250,2.2250,2.2200,0.0000,2.2200,2.2200,-10.2400,-10.2400,-10.2400,-10.2400,-10.2400,-10.2400,-10.2400,-10.2400
2025-06-15_05:17:46.909,1,1,1,1,2.2250,2.2250,2.2250,2.2250,2.2200,0.0000,2.2200,2.2200,-10.2400,-10.2400,-10.2400,-10.2400,-10.2400,-10.2400,-10.2400,-10.2400
2025-06-15_05:17:47.913,1,1,1,1,2.2250,2.2250,2.2250,2.2250,2.2200,0.0000,2.2200,2.2200,-10.2400,-10.2400,-10.2400,-10.2400,-10.2400,-10.2400,-10.2400,-10.2400
2025-06-15_05:17:48.916,1,1,1,1,2.2250,2.2250,2.2250,2.2250,2.2200,0.0000,2.2200,2.2200,-10.2400,-10.2400,-10.2400,-10.2400,-10.2400,-10.2400,-10.2400,-10.2400
2025-06-15_05:17:49.920,1,1,1,1,2.2250,2.2250,2.2250,2.2250,2.2200,0.0000,2.2200,2.2200,-10.2400,-10.2400,-10.2400,-10.2400,-10.2400,-10.2400,-10.2400,-10.2400
2025-06-15_05:17:50.924,1,1,1,1,2.2200,2.2250,2.2250,2.2250,2.2200,0.0000,2.2200,2.2200,-10.2400,-10.2400,-10.2400,-10.2400,-10.2400,-10.2400,-10.2400,-10.2400
2025-06-15_05:17:51.928,1,1,1,1,2.2250,2.2250,2.2250,2.2250,2.2200,0.0000,2.2200,2.2200,-10.2400,-10.2400,-10.2400,-10.2400,-10.2400,-10.2400,-10.2400,-10.2400
2025-06-15_05:17:52.933,1,1,1,1,2.2250,2.2250,2.2250,2.2250,2.2200,0.0000,2.2200,2.2200,-10.2400,-10.2400,-10.2400,-10.2400,-10.2400,-10.2400,-10.2400,-10.2400
2025-06-15_05:17:53.936,1,1,1,1,2.2200,2.2250,2.2250,2.2250,2.2200,0.0000,2.2200,2.2200,-10.2400,-10.2400,-10.2400,-10.2400,-10.2400,-10.2400,-10.2400,-10.2400
2025-06-15_05:17:54.940,1,1,1,1,2.2200,2.2250,2.2250,2.2250,2.2200,0.0000,2.2200,2.2200,-10.2400,-10.2400,-10.2400,-10.2400,-10.2400,-10.2400,-10.2400,-10.2400
2025-06-15_05:17:55.944,1,1,1,1,2.2250,2.2250,2.2250,2.2250,2.2200,0.0000,2.2200,2.2200,-10.2400,-10.2400,-10.2400,-10.2400,-10.2400,-10.2400,-10.2400,-10.2400
2025-06-15_05:17:56.948,1,1,1,1,2.2250,2.2250,2.2250,2.2250,2.2200,0.0000,2.2200,2.2200,-10.2400,-10.2400,-10.2400,-10.2400,-10.2400,-10.2400,-10.2400,-10.2400
2025-06-15_05:17:57.953,1,1,1,1,2.2200,2.2250,2.2250,2.2250,2.2200,0.0000,2.2200,2.2200,-10.2400,-10.2400,-10.2400,-10.2400,-10.2400,-10.2400,-10.2400,-10.2400
2025-06-15_05:17:58.957,1,1,1,1,2.2200,2.2250,2.2250,2.2250,2.2200,0.0000,2.2200,2.2200,-10.2400,-10.2400,-10.2400,-10.2400,-10.2400,-10.2400,-10.2400,-10.2400
2025-06-15_05:17:59.962,1,1,1,1,2.2200,2.2250,2.2250,2.2250,2.2200,0.0000,2.2200,2.2200,-10.2400,-10.2400,-10.2400,-10.2400,-10.2400,-10.2400,-10.2400,-10.2400
2025-06-15_05:18:00.965,1,1,1,1,2.2200,2.2250,2.2250,2.2250,2.2200,0.0000,2.2200,2.2200,-10.2400,-10.2400,-10.2400,-10.2400,-10.2400,-10.2400,-10.2400,-10.2400
2025-06-15_05:18:01.969,1,1,1,1,2.2250,2.2250,2.2250,2.2250,2.2200,0.0000,2.2200,2.2200,-10.2400,-10.2400,-10.2400,-10.2400,-10.2400,-10.2400,-10.2400,-10.2400
2025-06-15_05:18:02.973,1,1,1,1,2.2250,2.2250,2.2250,2.2250,2.2200,0.0000,2.2200,2.2200,-10.2400,-10.2400,-10.2400,-10.2400,-10.2400,-10.2400,-10.2400,-10.2400
2025-06-15_05:18:03.976,1,1,1,1,2.2250,2.2250,2.2200,2.2250,2.2200,0.0000,2.2200,2.2200,-10.2400,-10.2400,-10.2400,-10.2400,-10.2400,-10.2400,-10.2400,-10.2400
2025-06-15_05:18:04.979,1,1,1,1,2.2250,2.2250,2.2250,2.2250,2.2200,0.0000,2.2200,2.2200,-10.2400,-10.2400,-10.2400,-10.2400,-10.2400,-10.2400,-10.2400,-10.2400
2025-06-15_05:18:05.983,1,1,1,1,2.2250,2.2250,2.2250,2.2250,2.2200,0.0000,2.2200,2.2200,-10.2400,-10.2400,-10.2400,-10.2400,-10.2400,-10.2400,-10.2400,-10.2400
2025-06-15_05:18:06.986,1,1,1,1,2.2250,2.2250,2.2250,2.2250,2.2200,0.0000,2.2200,2.2200,-10.2400,-10.2400,-10.2400,-10.2400,-10.2400,-10.2400,-10.2400,-10.2400
2025-06-15_05:18:07.991,1,1,1,1,2.2250,2.2250,2.2250,2.2250,2.2200,0.0000,2.2200,2.2200,-10.2400,-10.2400,-10.2400,-10.2400,-10.2400,-10.2400,-10.2400,-10.2400
2025-06-15_05:18:08.997,1,1,1,1,2.2200,2.2250,2.2250,2.2250,2.2200,0.0000,2.2200,2.2200,-10.2400,-10.2400,-10.2400,-10.2400,-10.2400,-10.2400,-10.2400,-10.2400
2025-06-15_05:18:10.001,1,1,1,1,2.2200,2.2250,2.2250,2.2250,2.2200,0.0000,2.2200,2.2200,-10.2400,-10.2400,-10.2400,-10.2400,-10.2400,-10.2400,-10.2400,-10.2400
2025-06-15_05:18:11.008,1,1,1,1,2.2250,2.2250,2.2250,2.2250,2.2200,0.0000,2.2200,2.2200,-10.2400,-10.2400,-10.2400,-10.2400,-10.2400,-10.2400,-10.2400,-10.2400
2025-06-15_05:18:12.012,1,1,1,1,2.2200,2.2250,2.2250,2.2250,2.2200,0.0000,2.2200,2.2200,-10.2400,-10.2400,-10.2400,-10.2400,-10.2400,-10.2400,-10.2400,-10.2400
2025-06-15_05:18:13.016,1,1,1,1,2.2250,2.2250,2.2250,2.2250,2.2200,0.0000,2.2200,2.2200,-10.2400,-10.2400,-10.2400,-10.2400,-10.2400,-10.2400,-10.2400,-10.2400
2025-06-15_05:18:14.020,1,1,1,1,2.2250,2.2250,2.2250,2.2250,2.2200,0.0000,2.2200,2.2200,-10.2400,-10.2400,-10.2400,-10.2400,-10.2400,-10.2400,-10.2400,-10.2400
2025-06-15_05:18:15.024,1,1,1,1,2.2250,2.2250,2.2250,2.2250,2.2200,0.0000,2.2200,2.2200,-10.2400,-10.2400,-10.2400,-10.2400,-10.2400,-10.2400,-10.2400,-10.2400
2025-06-15_05:18:16.029,1,1,1,1,2.2200,2.2250,2.2250,2.2250,2.2200,0.0000,2.2200,2.2200,-10.2400,-10.2400,-10.2400,-10.2400,-10.2400,-10.2400,-10.2400,-10.2400
2025-06-15_05:18:17.034,1,1,1,1,2.2250,2.2250,2.2250,2.2250,2.2200,0.0000,2.2200,2.2200,-10.2400,-10.2400,-10.2400,-10.2400,-10.2400,-10.2400,-10.2400,-10.2400
2025-06-15_05:18:18.039,1,1,1,1,2.2250,2.2250,2.2250,2.2250,2.2200,0.0000,2.2200,2.2200,-10.2400,-10.2400,-10.2400,-10.2400,-10.2400,-10.2400,-10.2400,-10.2400
2025-06-15_05:18:19.044,1,1,1,1,2.2250,2.2250,2.2250,2.2250,2.2200,0.0000,2.2200,2.2200,-10.2400,-10.2400,-10.2400,-10.2400,-10.2400,-10.2400,-10.2400,-10.2400
2025-06-15_05:18:20.048,1,1,1,1,2.2250,2.2250,2.2250,2.2250,2.2200,0.0000,2.2200,2.2200,-10.2400,-10.2400,-10.2400,-10.2400,-10.2400,-10.2400,-10.2400,-10.2400
2025-06-15_05:18:21.052,1,1,1,1,2.2250,2.2250,2.2250,2.2250,2.2200,0.0000,2.2200,2.2200,-10.2400,-10.2400,-10.2400,-10.2400,-10.2400,-10.2400,-10.2400,-10.2400
2025-06-15_05:18:22.056,1,1,1,1,2.2250,2.2250,2.2250,2.2250,2.2200,0.0000,2.2200,2.2200,-10.2400,-10.2400,-10.2400,-10.2400,-10.2400,-10.2400,-10.2400,-10.2400
2025-06-15_05:18:23.060,1,1,1,1,2.2250,2.2250,2.2250,2.2250,2.2200,0.0000,2.2200,2.2200,-10.2400,-10.2400,-10.2400,-10.2400,-10.2400,-10.2400,-10.2400,-10.2400
2025-06-15_05:18:24.064,1,1,1,1,2.2200,2.2250,2.2250,2.2250,2.2200,0.0000,2.2200,2.2200,-10.2400,-10.2400,-10.2400,-10.2400,-10.2400,-10.2400,-10.2400,-10.2400
2025-06-15_05:18:25.069,1,1,1,1,2.2250,2.2250,2.2250,2.2250,2.2200,0.0000,2.2200,2.2200,-10.2400,-10.2400,-10.2400,-10.2400,-10.2400,-10.2400,-10.2400,-10.2400
2025-06-15_05:18:26.074,1,1,1,1,2.2250,2.2250,2.2250,2.2250,2.2200,0.0000,2.2200,2.2200,-10.2400,-10.2400,-10.2400,-10.2400,-10.2400,-10.2400,-10.2400,-10.2400
2025-06-15_05:18:27.077,1,1,1,1,2.2250,2.2250,2.2250,2.2250,2.2200,0.0000,2.2200,2.2200,-10.2400,-10.2400,-10.2400,-10.2400,-10.2400,-10.2400,-10.2400,-10.2400
2025-06-15_05:18:28.082,1,1,1,1,2.2250,2.2250,2.2250,2.2250,2.2200,0.0000,2.2200,2.2200,-10.2400,-10.2400,-10.2400,-10.2400,-10.2400,-10.2400,-10.2400,-10.2400
2025-06-15_05:18:29.086,1,1,1,1,2.2200,2.2250,2.2200,2.2250,2.2200,0.0000,2.2200,2.2200,-10.2400,-10.2400,-10.2400,-10.2400,-10.2400,-10.2400,-10.2400,-10.2400
2025-06-15_05:18:30.090,1,1,1,1,2.2200,2.2250,2.2250,2.2250,2.2200,0.0000,2.2200,2.2200,-10.2400,-10.2400,-10.2400,-10.2400,-10.2400,-10.2400,-10.2400,-10.2400
2025-06-15_05:18:31.095,1,1,1,1,2.2250,2.2250,2.2250,2.2250,2.2200,0.0000,2.2200,2.2200,-10.2400,-10.2400,-10.2400,-10.2400,-10.2400,-10.2400,-10.2400,-10.2400
2025-06-15_05:18:32.099,1,1,1,1,2.2250,2.2250,2.2250,2.2250,2.2200,0.0000,2.2200,2.2200,-10.2400,-10.2400,-10.2400,-10.2400,-10.2400,-10.2400,-10.2400,-10.2400
2025-06-15_05:18:33.103,1,1,1,1,2.2250,2.2250,2.2250,2.2250,2.2200,0.0000,2.2200,2.2200,-10.2400,-10.2400,-10.2400,-10.2400,-10.2400,-10.2400,-10.2400,-10.2400
2025-06-15_05:18:34.107,1,1,1,1,2.2250,2.2250,2.2250,2.2250,2.2200,0.0000,2.2200,2.2200,-10.2400,-10.2400,-10.2400,-10.2400,-10.2400,-10.2400,-10.2400,-10.2400
2025-06-15_05:18:35.112,1,1,1,1,2.2250,2.2250,2.2250,2.2250,2.2200,0.0000,2.2200,2.2200,-10.2400,-10.2400,-10.2400,-10.2400,-10.2400,-10.2400,-10.2400,-10.2400
2025-06-15_05:18:36.116,1,1,1,1,2.2250,2.2250,2.2250,2.2250,2.2200,0.0000,2.2200,2.2200,-10.2400,-10.2400,-10.2400,-10.2400,-10.2400,-10.2400,-10.2400,-10.2400
2025-06-15_05:18:37.121,1,1,1,1,2.2250,2.2250,2.2250,2.2250,2.2200,0.0000,2.2200,2.2200,-10.2400,-10.2400,-10.2400,-10.2400,-10.2400,-10.2400,-10.2400,-10.2400
2025-06-15_05:18:38.126,1,1,1,1,2.2250,2.2250,2.2250,2.2250,2.2200,0.0000,2.2200,2.2200,-10.2400,-10.2400,-10.2400,-10.2400,-10.2400,-10.2400,-10.2400,-10.2400
2025-06-15_05:18:39.131,1,1,1,1,2.2250,2.2250,2.2250,2.2250,2.2200,0.0000,2.2200,2.2200,-10.2400,-10.2400,-10.2400,-10.2400,-10.2400,-10.2400,-10.2400,-10.2400
2025-06-15_05:18:40.136,1,1,1,1,2.2250,2.2250,2.2250,2.2250,2.2200,0.0000,2.2200,2.2200,-10.2400,-10.2400,-10.2400,-10.2400,-10.2400,-10.2400,-10.2400,-10.2400
2025-06-15_05:18:41.139,1,1,1,1,2.2250,2.2250,2.2250,2.2250,2.2200,0.0000,2.2200,2.2200,-10.2400,-10.2400,-10.2400,-10.2400,-10.2400,-10.2400,-10.2400,-10.2400
2025-06-15_05:18:42.144,1,1,1,1,2.2200,2.2250,2.2250,2.2250,2.2200,0.0000,2.2200,2.2200,-10.2400,-10.2400,-10.2400,-10.2400,-10.2400,-10.2400,-10.2400,-10.2400
2025-06-15_05:18:43.147,1,1,1,1,2.2250,2.2250,2.2250,2.2250,2.2200,0.0000,2.2200,2.2200,-10.2400,-10.2400,-10.2400,-10.2400,-10.2400,-10.2400,-10.2400,-10.2400
2025-06-15_05:18:44.151,1,1,1,1,2.2250,2.2250,2.2250,2.2250,2.2200,0.0000,2.2200,2.2200,-10.2400,-10.2400,-10.2400,-10.2400,-10.2400,-10.2400,-10.2400,-10.2400
2025-06-15_05:18:45.156,1,1,1,1,2.2250,2.2250,2.2250,2.2250,2.2200,0.0000,2.2200,2.2200,-10.2400,-10.2400,-10.2400,-10.2400,-10.2400,-10.2400,-10.2400,-10.2400
2025-06-15_05:18:46.160,1,1,1,1,2.2250,2.2250,2.2250,2.2250,2.2200,0.0000,2.2200,2.2200,-10.2400,-10.2400,-10.2400,-10.2400,-10.2400,-10.2400,-10.2400,-10.2400
2025-06-15_05:18:47.164,1,1,1,1,2.2250,2.2250,2.2250,2.2250,2.2200,0.0000,2.2200,2.2200,-10.2400,-10.2400,-10.2400,-10.2400,-10.2400,-10.2400,-10.2400,-10.2400
2025-06-15_05:18:48.169,1,1,1,1,2.2200,2.2250,2.2250,2.2250,2.2200,0.0000,2.2200,2.2200,-10.2400,-10.2400,-10.2400,-10.2400,-10.2400,-10.2400,-10.2400,-10.2400
2025-06-15_05:18:49.173,1,1,1,1,2.2200,2.2250,2.2250,2.2250,2.2200,0.0000,2.2200,2.2200,-10.2400,-10.2400,-10.2400,-10.2400,-10.2400,-10.2400,-10.2400,-10.2400
2025-06-15_05:18:50.177,1,1,1,1,2.2250,2.2250,2.2250,2.2250,2.2200,0.0000,2.2200,2.2200,-10.2400,-10.2400,-10.2400,-10.2400,-10.2400,-10.2400,-10.2400,-10.2400
2025-06-15_05:18:51.181,1,1,1,1,2.2250,2.2250,2.2250,2.2250,2.2200,0.0000,2.2200,2.2200,-10.2400,-10.2400,-10.2400,-10.2400,-10.2400,-10.2400,-10.2400,-10.2400
2025-06-15_05:18:52.185,1,1,1,1,2.2250,2.2250,2.2250,2.2250,2.2200,0.0000,2.2200,2.2200,-10.2400,-10.2400,-10.2400,-10.2400,-10.2400,-10.2400,-10.2400,-10.2400
2025-06-15_05:18:53.189,1,1,1,1,2.2250,2.2250,2.2200,2.2250,2.2200,0.0000,2.2200,2.2200,-10.2400,-10.2400,-10.2400,-10.2400,-10.2400,-10.2400,-10.2400,-10.2400
2025-06-15_05:18:54.193,1,1,1,1,2.2250,2.2250,2.2250,2.2250,2.2200,0.0000,2.2200,2.2200,-10.2400,-10.2400,-10.2400,-10.2400,-10.2400,-10.2400,-10.2400,-10.2400
2025-06-15_05:18:55.197,1,1,1,1,2.2200,2.2250,2.2250,2.2250,2.2200,0.0000,2.2200,2.2200,-10.2400,-10.2400,-10.2400,-10.2400,-10.2400,-10.2400,-10.2400,-10.2400
2025-06-15_05:18:56.201,1,1,1,1,2.2200,2.2250,2.2200,2.2250,2.2200,0.0000,2.2200,2.2200,-10.2400,-10.2400,-10.2400,-10.2400,-10.2400,-10.2400,-10.2400,-10.2400
2025-06-15_05:18:57.205,1,1,1,1,2.2200,2.2250,2.2250,2.2250,2.2200,0.0000,2.2200,2.2200,-10.2400,-10.2400,-10.2400,-10.2400,-10.2400,-10.2400,-10.2400,-10.2400
2025-06-15_05:18:58.212,1,1,1,1,2.2250,2.2250,2.2250,2.2250,2.2200,0.0000,2.2200,2.2200,-10.2400,-10.2400,-10.2400,-10.2400,-10.2400,-10.2400,-10.2400,-10.2400
2025-06-15_05:18:59.215,1,1,1,1,2.2250,2.2250,2.2250,2.2250,2.2200,0.0000,2.2200,2.2200,-10.2400,-10.2400,-10.2400,-10.2400,-10.2400,-10.2400,-10.2400,-10.2400
2025-06-15_05:19:00.219,1,1,1,1,2.2250,2.2250,2.2250,2.2250,2.2200,0.0000,2.2200,2.2200,-10.2400,-10.2400,-10.2400,-10.2400,-10.2400,-10.2400,-10.2400,-10.2400
2025-06-15_05:19:01.222,1,1,1,1,2.2250,2.2250,2.2250,2.2250,2.2200,0.0000,2.2200,2.2200,-10.2400,-10.2400,-10.2400,-10.2400,-10.2400,-10.2400,-10.2400,-10.2400
2025-06-15_05:19:02.227,1,1,1,1,2.2250,2.2250,2.2250,2.2250,2.2200,0.0000,2.2200,2.2200,-10.2400,-10.2400,-10.2400,-10.2400,-10.2400,-10.2400,-10.2400,-10.2400
2025-06-15_05:19:03.230,1,1,1,1,2.2250,2.2250,2.2250,2.2250,2.2200,0.0000,2.2200,2.2200,-10.2400,-10.2400,-10.2400,-10.2400,-10.2400,-10.2400,-10.2400,-10.2400
2025-06-15_05:19:04.233,1,1,1,1,2.2250,2.2250,2.2200,2.2250,2.2200,0.0000,2.2200,2.2200,-10.2400,-10.2400,-10.2400,-10.2400,-10.2400,-10.2400,-10.2400,-10.2400
2025-06-15_05:19:05.236,1,1,1,1,2.2250,2.2250,2.2250,2.2250,2.2200,0.0000,2.2200,2.2200,-10.2400,-10.2400,-10.2400,-10.2400,-10.2400,-10.2400,-10.2400,-10.2400
2025-06-15_05:19:06.240,1,1,1,1,2.2250,2.2250,2.2250,2.2250,2.2200,0.0000,2.2200,2.2200,-10.2400,-10.2400,-10.2400,-10.2400,-10.2400,-10.2400,-10.2400,-10.2400
2025-06-15_05:19:07.244,1,1,1,1,2.2250,2.2250,2.2250,2.2250,2.2200,0.0000,2.2200,2.2200,-10.2400,-10.2400,-10.2400,-10.2400,-10.2400,-10.2400,-10.2400,-10.2400
2025-06-15_05:19:08.248,1,1,1,1,2.2250,2.2250,2.2250,2.2250,2.2200,0.0000,2.2200,2.2200,-10.2400,-10.2400,-10.2400,-10.2400,-10.2400,-10.2400,-10.2400,-10.2400
2025-06-15_05:19:09.253,1,1,1,1,2.2250,2.2250,2.2250,2.2250,2.2200,0.0000,2.2200,2.2200,-10.2400,-10.2400,-10.2400,-10.2400,-10.2400,-10.2400,-10.2400,-10.2400
2025-06-15_05:19:10.258,1,1,1,1,2.2200,2.2250,2.2250,2.2250,2.2200,0.0000,2.2200,2.2200,-10.2400,-10.2400,-10.2400,-10.2400,-10.2400,-10.2400,-10.2400,-10.2400
2025-06-15_05:19:11.262,1,1,1,1,2.2250,2.2250,2.2250,2.2250,2.2200,0.0000,2.2200,2.2200,-10.2400,-10.2400,-10.2400,-10.2400,-10.2400,-10.2400,-10.2400,-10.2400
2025-06-15_05:19:12.265,1,1,1,1,2.2250,2.2250,2.2200,2.2250,2.2200,0.0000,2.2200,2.2200,-10.2400,-10.2400,-10.2400,-10.2400,-10.2400,-10.2400,-10.2400,-10.2400
2025-06-15_05:19:13.269,1,1,1,1,2.2250,2.2250,2.2250,2.2250,2.2200,0.0000,2.2200,2.2200,-10.2400,-10.2400,-10.2400,-10.2400,-10.2400,-10.2400,-10.2400,-10.2400
2025-06-15_05:19:14.274,1,1,1,1,2.2200,2.2250,2.2250,2.2250,2.2200,0.0000,2.2200,2.2200,-10.2400,-10.2400,-10.2400,-10.2400,-10.2400,-10.2400,-10.2400,-10.2400
2025-06-15_05:19:15.279,1,1,1,1,2.2250,2.2250,2.2250,2.2250,2.2200,0.0000,2.2200,2.2200,-10.2400,-10.2400,-10.2400,-10.2400,-10.2400,-10.2400,-10.2400,-10.2400
2025-06-15_05:19:16.283,1,1,1,1,2.2200,2.2250,2.2200,2.2250,2.2200,0.0000,2.2200,2.2200,-10.2400,-10.2400,-10.2400,-10.2400,-10.2400,-10.2400,-10.2400,-10.2400
2025-06-15_05:19:17.287,1,1,1,1,2.2250,2.2250,2.2250,2.2250,2.2200,0.0000,2.2200,2.2200,-10.2400,-10.2400,-10.2400,-10.2400,-10.2400,-10.2400,-10.2400,-10.2400
2025-06-15_05:19:18.291,1,1,1,1,2.2250,2.2250,2.2250,2.2250,2.2200,0.0000,2.2200,2.2200,-10.2400,-10.2400,-10.2400,-10.2400,-10.2400,-10.2400,-10.2400,-10.2400
2025-06-15_05:19:19.295,1,1,1,1,2.2250,2.2250,2.2250,2.2250,2.2200,0.0000,2.2200,2.2200,-10.2400,-10.2400,-10.2400,-10.2400,-10.2400,-10.2400,-10.2400,-10.2400
2025-06-15_05:19:20.300,1,1,1,1,2.2250,2.2250,2.2250,2.2250,2.2200,0.0000,2.2200,2.2200,-10.2400,-10.2400,-10.2400,-10.2400,-10.2400,-10.2400,-10.2400,-10.2400
2025-06-15_05:19:21.304,1,1,1,1,2.2250,2.2250,2.2250,2.2250,2.2200,0.0000,2.2200,2.2200,-10.2400,-10.2400,-10.2400,-10.2400,-10.2400,-10.2400,-10.2400,-10.2400
2025-06-15_05:19:22.308,1,1,1,1,2.2250,2.2250,2.2250,2.2250,2.2200,0.0000,2.2200,2.2200,-10.2400,-10.2400,-10.2400,-10.2400,-10.2400,-10.2400,-10.2400,-10.2400
2025-06-15_05:19:23.310,1,1,1,1,2.2250,2.2250,2.2250,2.2250,2.2200,0.0000,2.2200,2.2200,-10.2400,-10.2400,-10.2400,-10.2400,-10.2400,-10.2400,-10.2400,-10.2400
2025-06-15_05:19:24.314,1,1,1,1,2.2250,2.2250,2.2250,2.2250,2.2200,0.0000,2.2200,2.2200,-10.2400,-10.2400,-10.2400,-10.2400,-10.2400,-10.2400,-10.2400,-10.2400
2025-06-15_05:19:25.317,1,1,1,1,2.2250,2.2250,2.2250,2.2250,2.2200,0.0000,2.2200,2.2200,-10.2400,-10.2400,-10.2400,-10.2400,-10.2400,-10.2400,-10.2400,-10.2400
2025-06-15_05:19:26.320,1,1,1,1,2.2250,2.2250,2.2250,2.2250,2.2200,0.0000,2.2200,2.2200,-10.2400,-10.2400,-10.2400,-10.2400,-10.2400,-10.2400,-10.2400,-10.2400
2025-06-15_05:19:27.323,1,1,1,1,2.2250,2.2250,2.2250,2.2250,2.2200,0.0000,2.2200,2.2200,-10.2400,-10.2400,-10.2400,-10.2400,-10.2400,-10.2400,-10.2400,-10.2400
2025-06-15_05:19:28.328,1,1,1,1,2.2250,2.2250,2.2250,2.2250,2.2200,0.0000,2.2200,2.2200,-10.2400,-10.2400,-10.2400,-10.2400,-10.2400,-10.2400,-10.2400,-10.2400
2025-06-15_05:19:29.333,1,1,1,1,2.2200,2.2250,2.2250,2.2250,2.2200,0.0000,2.2200,2.2200,-10.2400,-10.2400,-10.2400,-10.2400,-10.2400,-10.2400,-10.2400,-10.2400
2025-06-15_05:19:30.337,1,1,1,1,2.2200,2.2250,2.2250,2.2250,2.2200,0.0000,2.2200,2.2200,-10.2400,-10.2400,-10.2400,-10.2400,-10.2400,-10.2400,-10.2400,-10.2400
2025-06-15_05:19:31.340,1,1,1,1,2.2200,2.2250,2.2250,2.2250,2.2200,0.0000,2.2200,2.2200,-10.2400,-10.2400,-10.2400,-10.2400,-10.2400,-10.2400,-10.2400,-10.2400
2025-06-15_05:19:32.346,1,1,1,1,2.2200,2.2250,2.2250,2.2250,2.2200,0.0000,2.2200,2.2200,-10.2400,-10.2400,-10.2400,-10.2400,-10.2400,-10.2400,-10.2400,-10.2400
2025-06-15_05:19:33.349,1,1,1,1,2.2250,2.2250,2.2250,2.2250,2.2200,0.0000,2.2200,2.2200,-10.2400,-10.2400,-10.2400,-10.2400,-10.2400,-10.2400,-10.2400,-10.2400
2025-06-15_05:19:34.353,1,1,1,1,2.2250,2.2250,2.2250,2.2250,2.2200,0.0000,2.2200,2.2200,-10.2400,-10.2400,-10.2400,-10.2400,-10.2400,-10.2400,-10.2400,-10.2400
2025-06-15_05:19:35.357,1,1,1,1,2.2250,2.2250,2.2250,2.2250,2.2200,0.0000,2.2200,2.2200,-10.2400,-10.2400,-10.2400,-10.2400,-10.2400,-10.2400,-10.2400,-10.2400
2025-06-15_05:19:36.361,1,1,1,1,2.2250,2.2250,2.2250,2.2250,2.2200,0.0000,2.2200,2.2200,-10.2400,-10.2400,-10.2400,-10.2400,-10.2400,-10.2400,-10.2400,-10.2400
2025-06-15_05:19:37.365,1,1,1,1,2.2250,2.2250,2.2250,2.2250,2.2200,0.0000,2.2200,2.2200,-10.2400,-10.2400,-10.2400,-10.2400,-10.2400,-10.2400,-10.2400,-10.2400
2025-06-15_05:19:38.370,1,1,1,1,2.2200,2.2250,2.2250,2.2250,2.2200,0.0000,2.2200,2.2200,-10.2400,-10.2400,-10.2400,-10.2400,-10.2400,-10.2400,-10.2400,-10.2400
2025-06-15_05:19:39.375,1,1,1,1,2.2200,2.2250,2.2250,2.2250,2.2200,0.0000,2.2200,2.2200,-10.2400,-10.2400,-10.2400,-10.2400,-10.2400,-10.2400,-10.2400,-10.2400
2025-06-15_05:19:40.378,1,1,1,1,2.2250,2.2250,2.2250,2.2250,2.2200,0.0000,2.2200,2.2200,-10.2400,-10.2400,-10.2400,-10.2400,-10.2400,-10.2400,-10.2400,-10.2400
2025-06-15_05:19:41.383,1,1,1,1,2.2250,2.2250,2.2250,2.2250,2.2200,0.0000,2.2200,2.2200,-10.2400,-10.2400,-10.2400,-10.2400,-10.2400,-10.2400,-10.2400,-10.2400
2025-06-15_05:19:42.387,1,1,1,1,2.2250,2.2250,2.2250,2.2250,2.2200,0.0000,2.2200,2.2200,-10.2400,-10.2400,-10.2400,-10.2400,-10.2400,-10.2400,-10.2400,-10.2400
2025-06-15_05:19:43.391,1,1,1,1,2.2200,2.2250,2.2250,2.2250,2.2200,0.0000,2.2200,2.2200,-10.2400,-10.2400,-10.2400,-10.2400,-10.2400,-10.2400,-10.2400,-10.2400
2025-06-15_05:19:44.396,1,1,1,1,2.2250,2.2250,2.2250,2.2250,2.2200,0.0000,2.2200,2.2200,-10.2400,-10.2400,-10.2400,-10.2400,-10.2400,-10.2400,-10.2400,-10.2400
2025-06-15_05:19:45.400,1,1,1,1,2.2250,2.2250,2.2250,2.2250,2.2200,0.0000,2.2200,2.2200,-10.2400,-10.2400,-10.2400,-10.2400,-10.2400,-10.2400,-10.2400,-10.2400
2025-06-15_05:19:46.404,1,1,1,1,2.2250,2.2250,2.2250,2.2250,2.2200,0.0000,2.2200,2.2200,-10.2400,-10.2400,-10.2400,-10.2400,-10.2400,-10.2400,-10.2400,-10.2400
2025-06-15_05:19:47.407,1,1,1,1,2.2200,2.2250,2.2250,2.2250,2.2200,0.0000,2.2200,2.2200,-10.2400,-10.2400,-10.2400,-10.2400,-10.2400,-10.2400,-10.2400,-10.2400
2025-06-15_05:19:48.412,1,1,1,1,2.2250,2.2250,2.2250,2.2250,2.2200,0.0000,2.2200,2.2200,-10.2400,-10.2400,-10.2400,-10.2400,-10.2400,-10.2400,-10.2400,-10.2400
2025-06-15_05:19:49.416,1,1,1,1,2.2250,2.2250,2.2250,2.2250,2.2200,0.0000,2.2200,2.2200,-10.2400,-10.2400,-10.2400,-10.2400,-10.2400,-10.2400,-10.2400,-10.2400
2025-06-15_05:19:50.421,1,1,1,1,2.2250,2.2250,2.2250,2.2250,2.2200,0.0000,2.2200,2.2200,-10.2400,-10.2400,-10.2400,-10.2400,-10.2400,-10.2400,-10.2400,-10.2400
2025-06-15_05:19:51.426,1,1,1,1,2.2250,2.2250,2.2250,2.2250,2.2200,0.0000,2.2200,2.2200,-10.2400,-10.2400,-10.2400,-10.2400,-10.2400,-10.2400,-10.2400,-10.2400
2025-06-15_05:19:52.431,1,1,1,1,2.2250,2.2250,2.2250,2.2250,2.2200,0.0000,2.2200,2.2200,-10.2400,-10.2400,-10.2400,-10.2400,-10.2400,-10.2400,-10.2400,-10.2400
2025-06-15_05:19:53.435,1,1,1,1,2.2250,2.2250,2.2250,2.2250,2.2200,0.0000,2.2200,2.2200,-10.2400,-10.2400,-10.2400,-10.2400,-10.2400,-10.2400,-10.2400,-10.2400
2025-06-15_05:19:54.440,1,1,1,1,2.2250,2.2250,2.2250,2.2250,2.2200,0.0000,2.2200,2.2200,-10.2400,-10.2400,-10.2400,-10.2400,-10.2400,-10.2400,-10.2400,-10.2400
2025-06-15_05:19:55.445,1,1,1,1,2.2250,2.2250,2.2250,2.2250,2.2200,0.0000,2.2200,2.2200,-10.2400,-10.2400,-10.2400,-10.2400,-10.2400,-10.2400,-10.2400,-10.2400
2025-06-15_05:19:56.450,1,1,1,1,2.2250,2.2250,2.2250,2.2250,2.2200,0.0000,2.2200,2.2200,-10.2400,-10.2400,-10.2400,-10.2400,-10.2400,-10.2400,-10.2400,-10.2400
2025-06-15_05:19:57.454,1,1,1,1,2.2250,2.2250,2.2250,2.2250,2.2200,0.0000,2.2200,2.2200,-10.2400,-10.2400,-10.2400,-10.2400,-10.2400,-10.2400,-10.2400,-10.2400
2025-06-15_05:19:58.458,1,1,1,1,2.2200,2.2250,2.2250,2.2250,2.2200,0.0000,2.2200,2.2200,-10.2400,-10.2400,-10.2400,-10.2400,-10.2400,-10.2400,-10.2400,-10.2400
2025-06-15_05:19:59.462,1,1,1,1,2.2250,2.2250,2.2250,2.2250,2.2200,0.0000,2.2200,2.2200,-10.2400,-10.2400,-10.2400,-10.2400,-10.2400,-10.2400,-10.2400,-10.2400
2025-06-15_05:20:00.466,1,1,1,1,2.2250,2.2250,2.2250,2.2250,2.2200,0.0000,2.2200,2.2200,-10.2400,-10.2400,-10.2400,-10.2400,-10.2400,-10.2400,-10.2400,-10.2400
2025-06-15_05:20:01.471,1,1,1,1,2.2250,2.2250,2.2250,2.2250,2.2200,0.0000,2.2200,2.2200,-10.2400,-10.2400,-10.2400,-10.2400,-10.2400,-10.2400,-10.2400,-10.2400
2025-06-15_05:20:02.475,1,1,1,1,2.2200,2.2250,2.2250,2.2250,2.2200,0.0000,2.2200,2.2200,-10.2400,-10.2400,-10.2400,-10.2400,-10.2400,-10.2400,-10.2400,-10.2400
2025-06-15_05:20:03.479,1,1,1,1,2.2250,2.2250,2.2250,2.2250,2.2200,0.0000,2.2200,2.2200,-10.2400,-10.2400,-10.2400,-10.2400,-10.2400,-10.2400,-10.2400,-10.2400
2025-06-15_05:20:04.483,1,1,1,1,2.2250,2.2250,2.2250,2.2250,2.2200,0.0000,2.2200,2.2200,-10.2400,-10.2400,-10.2400,-10.2400,-10.2400,-10.2400,-10.2400,-10.2400
2025-06-15_05:20:05.488,1,1,1,1,2.2200,2.2250,2.2250,2.2250,2.2200,0.0000,2.2200,2.2200,-10.2400,-10.2400,-10.2400,-10.2400,-10.2400,-10.2400,-10.2400,-10.2400
2025-06-15_05:20:06.493,1,1,1,1,2.2250,2.2250,2.2250,2.2250,2.2200,0.0000,2.2200,2.2200,-10.2400,-10.2400,-10.2400,-10.2400,-10.2400,-10.2400,-10.2400,-10.2400
2025-06-15_05:20:07.498,1,1,1,1,2.2250,2.2250,2.2250,2.2250,2.2200,0.0000,2.2200,2.2200,-10.2400,-10.2400,-10.2400,-10.2400,-10.2400,-10.2400,-10.2400,-10.2400
2025-06-15_05:20:08.501,1,1,1,1,2.2250,2.2250,2.2250,2.2250,2.2200,0.0000,2.2200,2.2200,-10.2400,-10.2400,-10.2400,-10.2400,-10.2400,-10.2400,-10.2400,-10.2400
2025-06-15_05:20:09.506,1,1,1,1,2.2250,2.2250,2.2250,2.2250,2.2200,0.0000,2.2200,2.2200,-10.2400,-10.2400,-10.2400,-10.2400,-10.2400,-10.2400,-10.2400,-10.2400
2025-06-15_05:20:10.511,1,1,1,1,2.2250,2.2250,2.2250,2.2250,2.2200,0.0000,2.2200,2.2200,-10.2400,-10.2400,-10.2400,-10.2400,-10.2400,-10.2400,-10.2400,-10.2400
2025-06-15_05:20:11.514,1,1,1,1,2.2200,2.2250,2.2250,2.2250,2.2200,0.0000,2.2200,2.2200,-10.2400,-10.2400,-10.2400,-10.2400,-10.2400,-10.2400,-10.2400,-10.2400
2025-06-15_05:20:12.519,1,1,1,1,2.2250,2.2250,2.2250,2.2250,2.2200,0.0000,2.2200,2.2200,-10.2400,-10.2400,-10.2400,-10.2400,-10.2400,-10.2400,-10.2400,-10.2400
2025-06-15_05:20:13.523,1,1,1,1,2.2200,2.2250,2.2250,2.2250,2.2200,0.0000,2.2200,2.2200,-10.2400,-10.2400,-10.2400,-10.2400,-10.2400,-10.2400,-10.2400,-10.2400
2025-06-15_05:20:14.528,1,1,1,1,2.2250,2.2250,2.2250,2.2250,2.2200,0.0000,2.2200,2.2200,-10.2400,-10.2400,-10.2400,-10.2400,-10.2400,-10.2400,-10.2400,-10.2400
2025-06-15_05:20:15.533,1,1,1,1,2.2250,2.2250,2.2250,2.2250,2.2200,0.0000,2.2200,2.2200,-10.2400,-10.2400,-10.2400,-10.2400,-10.2400,-10.2400,-10.2400,-10.2400
2025-06-15_05:20:16.537,1,1,1,1,2.2250,2.2250,2.2250,2.2250,2.2200,0.0000,2.2200,2.2200,-10.2400,-10.2400,-10.2400,-10.2400,-10.2400,-10.2400,-10.2400,-10.2400
2025-06-15_05:20:17.540,1,1,1,1,2.2250,2.2250,2.2250,2.2250,2.2200,0.0000,2.2200,2.2200,-10.2400,-10.2400,-10.2400,-10.2400,-10.2400,-10.2400,-10.2400,-10.2400
2025-06-15_05:20:18.550,1,1,1,1,2.2250,2.2250,2.2250,2.2250,2.2200,0.0000,2.2200,2.2200,-10.2400,-10.2400,-10.2400,-10.2400,-10.2400,-10.2400,-10.2400,-10.2400
2025-06-15_05:20:19.554,1,1,1,1,2.2250,2.2250,2.2200,2.2250,2.2200,0.0000,2.2200,2.2200,-10.2400,-10.2400,-10.2400,-10.2400,-10.2400,-10.2400,-10.2400,-10.2400
2025-06-15_05:20:20.559,1,1,1,1,2.2250,2.2250,2.2250,2.2250,2.2200,0.0000,2.2200,2.2200,-10.2400,-10.2400,-10.2400,-10.2400,-10.2400,-10.2400,-10.2400,-10.2400
2025-06-15_05:20:21.563,1,1,1,1,2.2250,2.2250,2.2250,2.2250,2.2200,0.0000,2.2200,2.2200,-10.2400,-10.2400,-10.2400,-10.2400,-10.2400,-10.2400,-10.2400,-10.2400
2025-06-15_05:20:22.567,1,1,1,1,2.2250,2.2250,2.2250,2.2250,2.2200,0.0000,2.2200,2.2200,-10.2400,-10.2400,-10.2400,-10.2400,-10.2400,-10.2400,-10.2400,-10.2400
2025-06-15_05:20:23.572,1,1,1,1,2.2250,2.2250,2.2250,2.2250,2.2200,0.0000,2.2200,2.2200,-10.2400,-10.2400,-10.2400,-10.2400,-10.2400,-10.2400,-10.2400,-10.2400
2025-06-15_05:20:24.576,1,1,1,1,2.2250,2.2250,2.2250,2.2250,2.2200,0.0000,2.2200,2.2200,-10.2400,-10.2400,-10.2400,-10.2400,-10.2400,-10.2400,-10.2400,-10.2400
2025-06-15_05:20:25.580,1,1,1,1,2.2250,2.2250,2.2250,2.2250,2.2200,0.0000,2.2200,2.2200,-10.2400,-10.2400,-10.2400,-10.2400,-10.2400,-10.2400,-10.2400,-10.2400
2025-06-15_05:20:26.585,1,1,1,1,2.2250,2.2250,2.2250,2.2250,2.2200,0.0000,2.2200,2.2200,-10.2400,-10.2400,-10.2400,-10.2400,-10.2400,-10.2400,-10.2400,-10.2400
2025-06-15_05:20:27.589,1,1,1,1,2.2200,2.2250,2.2250,2.2250,2.2200,0.0000,2.2200,2.2200,-10.2400,-10.2400,-10.2400,-10.2400,-10.2400,-10.2400,-10.2400,-10.2400
2025-06-15_05:20:28.594,1,1,1,1,2.2250,2.2250,2.2250,2.2250,2.2200,0.0000,2.2200,2.2200,-10.2400,-10.2400,-10.2400,-10.2400,-10.2400,-10.2400,-10.2400,-10.2400
2025-06-15_05:20:29.598,1,1,1,1,2.2250,2.2250,2.2250,2.2250,2.2200,0.0000,2.2200,2.2200,-10.2400,-10.2400,-10.2400,-10.2400,-10.2400,-10.2400,-10.2400,-10.2400
2025-06-15_05:20:30.603,1,1,1,1,2.2200,2.2250,2.2250,2.2250,2.2200,0.0000,2.2200,2.2200,-10.2400,-10.2400,-10.2400,-10.2400,-10.2400,-10.2400,-10.2400,-10.2400
2025-06-15_05:20:31.607,1,1,1,1,2.2250,2.2250,2.2250,2.2250,2.2200,0.0000,2.2200,2.2200,-10.2400,-10.2400,-10.2400,-10.2400,-10.2400,-10.2400,-10.2400,-10.2400
2025-06-15_05:20:32.611,1,1,1,1,2.2250,2.2250,2.2250,2.2250,2.2200,0.0000,2.2200,2.2200,-10.2400,-10.2400,-10.2400,-10.2400,-10.2400,-10.2400,-10.2400,-10.2400
2025-06-15_05:20:33.615,1,1,1,1,2.2250,2.2250,2.2250,2.2250,2.2200,0.0000,2.2200,2.2200,-10.2400,-10.2400,-10.2400,-10.2400,-10.2400,-10.2400,-10.2400,-10.2400
2025-06-15_05:20:34.619,1,1,1,1,2.2250,2.2250,2.2250,2.2250,2.2200,0.0000,2.2200,2.2200,-10.2400,-10.2400,-10.2400,-10.2400,-10.2400,-10.2400,-10.2400,-10.2400
2025-06-15_05:20:35.623,1,1,1,1,2.2200,2.2250,2.2250,2.2250,2.2200,0.0000,2.2200,2.2200,-10.2400,-10.2400,-10.2400,-10.2400,-10.2400,-10.2400,-10.2400,-10.2400
2025-06-15_05:20:36.626,1,1,1,1,2.2250,2.2250,2.2250,2.2250,2.2200,0.0000,2.2200,2.2200,-10.2400,-10.2400,-10.2400,-10.2400,-10.2400,-10.2400,-10.2400,-10.2400
2025-06-15_05:20:37.630,1,1,1,1,2.2200,2.2250,2.2250,2.2250,2.2200,0.0000,2.2200,2.2200,-10.2400,-10.2400,-10.2400,-10.2400,-10.2400,-10.2400,-10.2400,-10.2400
2025-06-15_05:20:38.635,1,1,1,1,2.2200,2.2250,2.2250,2.2250,2.2200,0.0000,2.2200,2.2200,-10.2400,-10.2400,-10.2400,-10.2400,-10.2400,-10.2400,-10.2400,-10.2400
2025-06-15_05:20:39.639,1,1,1,1,2.2200,2.2250,2.2250,2.2250,2.2200,0.0000,2.2200,2.2200,-10.2400,-10.2400,-10.2400,-10.2400,-10.2400,-10.2400,-10.2400,-10.2400
2025-06-15_05:20:40.644,1,1,1,1,2.2200,2.2250,2.2250,2.2250,2.2200,0.0000,2.2200,2.2200,-10.2400,-10.2400,-10.2400,-10.2400,-10.2400,-10.2400,-10.2400,-10.2400
2025-06-15_05:20:41.648,1,1,1,1,2.2250,2.2250,2.2250,2.2250,2.2200,0.0000,2.2200,2.2200,-10.2400,-10.2400,-10.2400,-10.2400,-10.2400,-10.2400,-10.2400,-10.2400
2025-06-15_05:20:42.653,1,1,1,1,2.2250,2.2250,2.2250,2.2250,2.2200,0.0000,2.2200,2.2200,-10.2400,-10.2400,-10.2400,-10.2400,-10.2400,-10.2400,-10.2400,-10.2400
2025-06-15_05:20:43.657,1,1,1,1,2.2250,2.2250,2.2250,2.2250,2.2200,0.0000,2.2200,2.2200,-10.2400,-10.2400,-10.2400,-10.2400,-10.2400,-10.2400,-10.2400,-10.2400
2025-06-15_05:20:44.661,1,1,1,1,2.2200,2.2250,2.2250,2.2250,2.2200,0.0000,2.2200,2.2200,-10.2400,-10.2400,-10.2400,-10.2400,-10.2400,-10.2400,-10.2400,-10.2400
2025-06-15_05:20:45.666,1,1,1,1,2.2250,2.2250,2.2250,2.2250,2.2200,0.0000,2.2200,2.2200,-10.2400,-10.2400,-10.2400,-10.2400,-10.2400,-10.2400,-10.2400,-10.2400
2025-06-15_05:20:46.670,1,1,1,1,2.2250,2.2250,2.2250,2.2250,2.2200,0.0000,2.2200,2.2200,-10.2400,-10.2400,-10.2400,-10.2400,-10.2400,-10.2400,-10.2400,-10.2400
2025-06-15_05:20:47.674,1,1,1,1,2.2250,2.2250,2.2250,2.2250,2.2200,0.0000,2.2200,2.2200,-10.2400,-10.2400,-10.2400,-10.2400,-10.2400,-10.2400,-10.2400,-10.2400
2025-06-15_05:20:48.679,1,1,1,1,2.2250,2.2250,2.2250,2.2250,2.2200,0.0000,2.2200,2.2200,-10.2400,-10.2400,-10.2400,-10.2400,-10.2400,-10.2400,-10.2400,-10.2400
2025-06-15_05:20:49.683,1,1,1,1,2.2200,2.2250,2.2250,2.2250,2.2200,0.0000,2.2200,2.2200,-10.2400,-10.2400,-10.2400,-10.2400,-10.2400,-10.2400,-10.2400,-10.2400
2025-06-15_05:20:50.687,1,1,1,1,2.2250,2.2250,2.2250,2.2250,2.2200,0.0000,2.2200,2.2200,-10.2400,-10.2400,-10.2400,-10.2400,-10.2400,-10.2400,-10.2400,-10.2400
2025-06-15_05:20:51.692,1,1,1,1,2.2200,2.2250,2.2250,2.2250,2.2200,0.0000,2.2200,2.2200,-10.2400,-10.2400,-10.2400,-10.2400,-10.2400,-10.2400,-10.2400,-10.2400
2025-06-15_05:20:52.695,1,1,1,1,2.2250,2.2250,2.2250,2.2250,2.2200,0.0000,2.2200,2.2200,-10.2400,-10.2400,-10.2400,-10.2400,-10.2400,-10.2400,-10.2400,-10.2400
2025-06-15_05:20:53.700,1,1,1,1,2.2250,2.2250,2.2250,2.2250,2.2200,0.0000,2.2200,2.2200,-10.2400,-10.2400,-10.2400,-10.2400,-10.2400,-10.2400,-10.2400,-10.2400
2025-06-15_05:20:54.704,1,1,1,1,2.2250,2.2250,2.2250,2.2250,2.2200,0.0000,2.2200,2.2200,-10.2400,-10.2400,-10.2400,-10.2400,-10.2400,-10.2400,-10.2400,-10.2400
2025-06-15_05:20:55.711,1,1,1,1,2.2250,2.2250,2.2250,2.2250,2.2200,0.0000,2.2200,2.2200,-10.2400,-10.2400,-10.2400,-10.2400,-10.2400,-10.2400,-10.2400,-10.2400
2025-06-15_05:20:56.715,1,1,1,1,2.2250,2.2250,2.2250,2.2250,2.2200,0.0000,2.2200,2.2200,-10.2400,-10.2400,-10.2400,-10.2400,-10.2400,-10.2400,-10.2400,-10.2400
2025-06-15_05:20:57.718,1,1,1,1,2.2250,2.2250,2.2250,2.2250,2.2200,0.0000,2.2200,2.2200,-10.2400,-10.2400,-10.2400,-10.2400,-10.2400,-10.2400,-10.2400,-10.2400
2025-06-15_05:20:58.723,1,1,1,1,2.2250,2.2250,2.2250,2.2250,2.2200,0.0000,2.2200,2.2200,-10.2400,-10.2400,-10.2400,-10.2400,-10.2400,-10.2400,-10.2400,-10.2400
2025-06-15_05:20:59.728,1,1,1,1,2.2200,2.2250,2.2250,2.2250,2.2200,0.0000,2.2200,2.2200,-10.2400,-10.2400,-10.2400,-10.2400,-10.2400,-10.2400,-10.2400,-10.2400
2025-06-15_05:21:00.732,1,1,1,1,2.2200,2.2250,2.2250,2.2250,2.2200,0.0000,2.2200,2.2200,-10.2400,-10.2400,-10.2400,-10.2400,-10.2400,-10.2400,-10.2400,-10.2400
2025-06-15_05:21:01.736,1,1,1,1,2.2250,2.2250,2.2250,2.2250,2.2200,0.0000,2.2200,2.2200,-10.2400,-10.2400,-10.2400,-10.2400,-10.2400,-10.2400,-10.2400,-10.2400
2025-06-15_05:21:02.741,1,1,1,1,2.2250,2.2250,2.2200,2.2250,2.2200,0.0000,2.2200,2.2200,-10.2400,-10.2400,-10.2400,-10.2400,-10.2400,-10.2400,-10.2400,-10.2400
2025-06-15_05:21:03.746,1,1,1,1,2.2250,2.2250,2.2250,2.2250,2.2200,0.0000,2.2200,2.2200,-10.2400,-10.2400,-10.2400,-10.2400,-10.2400,-10.2400,-10.2400,-10.2400
2025-06-15_05:21:04.751,1,1,1,1,2.2250,2.2250,2.2250,2.2250,2.2200,0.0000,2.2200,2.2200,-10.2400,-10.2400,-10.2400,-10.2400,-10.2400,-10.2400,-10.2400,-10.2400
2025-06-15_05:21:05.754,1,1,1,1,2.2250,2.2250,2.2250,2.2250,2.2200,0.0000,2.2200,2.2200,-10.2400,-10.2400,-10.2400,-10.2400,-10.2400,-10.2400,-10.2400,-10.2400
2025-06-15_05:21:06.759,1,1,1,1,2.2250,2.2250,2.2250,2.2250,2.2200,0.0000,2.2200,2.2200,-10.2400,-10.2400,-10.2400,-10.2400,-10.2400,-10.2400,-10.2400,-10.2400
2025-06-15_05:21:07.764,1,1,1,1,2.2200,2.2250,2.2250,2.2250,2.2200,0.0000,2.2200,2.2200,-10.2400,-10.2400,-10.2400,-10.2400,-10.2400,-10.2400,-10.2400,-10.2400
2025-06-15_05:21:08.768,1,1,1,1,2.2250,2.2250,2.2250,2.2250,2.2200,0.0000,2.2200,2.2200,-10.2400,-10.2400,-10.2400,-10.2400,-10.2400,-10.2400,-10.2400,-10.2400
2025-06-15_05:21:09.772,1,1,1,1,2.2250,2.2250,2.2250,2.2250,2.2200,0.0000,2.2200,2.2200,-10.2400,-10.2400,-10.2400,-10.2400,-10.2400,-10.2400,-10.2400,-10.2400
2025-06-15_05:21:10.777,1,1,1,1,2.2250,2.2250,2.2250,2.2250,2.2200,0.0000,2.2200,2.2200,-10.2400,-10.2400,-10.2400,-10.2400,-10.2400,-10.2400,-10.2400,-10.2400
2025-06-15_05:21:11.781,1,1,1,1,2.2250,2.2250,2.2250,2.2250,2.2200,0.0000,2.2200,2.2200,-10.2400,-10.2400,-10.2400,-10.2400,-10.2400,-10.2400,-10.2400,-10.2400
2025-06-15_05:21:12.786,1,1,1,1,2.2250,2.2250,2.2250,2.2250,2.2200,0.0000,2.2200,2.2200,-10.2400,-10.2400,-10.2400,-10.2400,-10.2400,-10.2400,-10.2400,-10.2400
2025-06-15_05:21:13.790,1,1,1,1,2.2250,2.2250,2.2250,2.2250,2.2200,0.0000,2.2200,2.2200,-10.2400,-10.2400,-10.2400,-10.2400,-10.2400,-10.2400,-10.2400,-10.2400
2025-06-15_05:21:14.793,1,1,1,1,2.2200,2.2250,2.2250,2.2250,2.2200,0.0000,2.2200,2.2200,-10.2400,-10.2400,-10.2400,-10.2400,-10.2400,-10.2400,-10.2400,-10.2400
2025-06-15_05:21:15.798,1,1,1,1,2.2250,2.2250,2.2250,2.2250,2.2200,0.0000,2.2200,2.2200,-10.2400,-10.2400,-10.2400,-10.2400,-10.2400,-10.2400,-10.2400,-10.2400
2025-06-15_05:21:16.801,1,1,1,1,2.2250,2.2250,2.2250,2.2250,2.2200,0.0000,2.2200,2.2200,-10.2400,-10.2400,-10.2400,-10.2400,-10.2400,-10.2400,-10.2400,-10.2400
2025-06-15_05:21:17.806,1,1,1,1,2.2200,2.2250,2.2250,2.2250,2.2200,0.0000,2.2200,2.2200,-10.2400,-10.2400,-10.2400,-10.2400,-10.2400,-10.2400,-10.2400,-10.2400
2025-06-15_05:21:18.811,1,1,1,1,2.2250,2.2250,2.2250,2.2250,2.2200,0.0000,2.2200,2.2200,-10.2400,-10.2400,-10.2400,-10.2400,-10.2400,-10.2400,-10.2400,-10.2400
2025-06-15_05:21:19.815,1,1,1,1,2.2200,2.2250,2.2250,2.2250,2.2200,0.0000,2.2200,2.2200,-10.2400,-10.2400,-10.2400,-10.2400,-10.2400,-10.2400,-10.2400,-10.2400
2025-06-15_05:21:20.818,1,1,1,1,2.2250,2.2250,2.2250,2.2250,2.2200,0.0000,2.2200,2.2200,-10.2400,-10.2400,-10.2400,-10.2400,-10.2400,-10.2400,-10.2400,-10.2400
2025-06-15_05:21:21.822,1,1,1,1,2.2250,2.2250,2.2250,2.2250,2.2200,0.0000,2.2200,2.2200,-10.2400,-10.2400,-10.2400,-10.2400,-10.2400,-10.2400,-10.2400,-10.2400
2025-06-15_05:21:22.827,1,1,1,1,2.2250,2.2250,2.2250,2.2250,2.2200,0.0000,2.2200,2.2200,-10.2400,-10.2400,-10.2400,-10.2400,-10.2400,-10.2400,-10.2400,-10.2400
2025-06-15_05:21:23.831,1,1,1,1,2.2250,2.2250,2.2250,2.2250,2.2200,0.0000,2.2200,2.2200,-10.2400,-10.2400,-10.2400,-10.2400,-10.2400,-10.2400,-10.2400,-10.2400
2025-06-15_05:21:24.835,1,1,1,1,2.2250,2.2250,2.2250,2.2250,2.2200,0.0000,2.2200,2.2200,-10.2400,-10.2400,-10.2400,-10.2400,-10.2400,-10.2400,-10.2400,-10.2400
2025-06-15_05:21:25.838,1,1,1,1,2.2250,2.2250,2.2200,2.2250,2.2200,0.0000,2.2200,2.2200,-10.2400,-10.2400,-10.2400,-10.2400,-10.2400,-10.2400,-10.2400,-10.2400
2025-06-15_05:21:26.841,1,1,1,1,2.2250,2.2250,2.2250,2.2250,2.2200,0.0000,2.2200,2.2200,-10.2400,-10.2400,-10.2400,-10.2400,-10.2400,-10.2400,-10.2400,-10.2400
2025-06-15_05:21:27.844,1,1,1,1,2.2250,2.2250,2.2250,2.2250,2.2200,0.0000,2.2200,2.2200,-10.2400,-10.2400,-10.2400,-10.2400,-10.2400,-10.2400,-10.2400,-10.2400
2025-06-15_05:21:28.850,1,1,1,1,2.2200,2.2250,2.2250,2.2250,2.2200,0.0000,2.2200,2.2200,-10.2400,-10.2400,-10.2400,-10.2400,-10.2400,-10.2400,-10.2400,-10.2400
2025-06-15_05:21:29.854,1,1,1,1,2.2250,2.2250,2.2250,2.2250,2.2200,0.0000,2.2200,2.2200,-10.2400,-10.2400,-10.2400,-10.2400,-10.2400,-10.2400,-10.2400,-10.2400
2025-06-15_05:21:30.858,1,1,1,1,2.2250,2.2250,2.2200,2.2250,2.2200,0.0000,2.2200,2.2200,-10.2400,-10.2400,-10.2400,-10.2400,-10.2400,-10.2400,-10.2400,-10.2400
2025-06-15_05:21:31.862,1,1,1,1,2.2250,2.2250,2.2250,2.2250,2.2200,0.0000,2.2200,2.2200,-10.2400,-10.2400,-10.2400,-10.2400,-10.2400,-10.2400,-10.2400,-10.2400
2025-06-15_05:21:32.866,1,1,1,1,2.2250,2.2250,2.2250,2.2250,2.2200,0.0000,2.2200,2.2200,-10.2400,-10.2400,-10.2400,-10.2400,-10.2400,-10.2400,-10.2400,-10.2400
2025-06-15_05:21:33.870,1,1,1,1,2.2250,2.2250,2.2250,2.2250,2.2200,0.0000,2.2200,2.2200,-10.2400,-10.2400,-10.2400,-10.2400,-10.2400,-10.2400,-10.2400,-10.2400
2025-06-15_05:21:34.874,1,1,1,1,2.2200,2.2250,2.2250,2.2250,2.2200,0.0000,2.2200,2.2200,-10.2400,-10.2400,-10.2400,-10.2400,-10.2400,-10.2400,-10.2400,-10.2400
2025-06-15_05:21:35.878,1,1,1,1,2.2200,2.2250,2.2250,2.2250,2.2200,0.0000,2.2200,2.2200,-10.2400,-10.2400,-10.2400,-10.2400,-10.2400,-10.2400,-10.2400,-10.2400
2025-06-15_05:21:36.882,1,1,1,1,2.2250,2.2250,2.2250,2.2250,2.2200,0.0000,2.2200,2.2200,-10.2400,-10.2400,-10.2400,-10.2400,-10.2400,-10.2400,-10.2400,-10.2400
2025-06-15_05:21:37.885,1,1,1,1,2.2250,2.2250,2.2250,2.2250,2.2200,0.0000,2.2200,2.2200,-10.2400,-10.2400,-10.2400,-10.2400,-10.2400,-10.2400,-10.2400,-10.2400
2025-06-15_05:21:38.890,1,1,1,1,2.2250,2.2250,2.2250,2.2250,2.2200,0.0000,2.2200,2.2200,-10.2400,-10.2400,-10.2400,-10.2400,-10.2400,-10.2400,-10.2400,-10.2400
2025-06-15_05:21:39.895,1,1,1,1,2.2250,2.2250,2.2250,2.2250,2.2200,0.0000,2.2200,2.2200,-10.2400,-10.2400,-10.2400,-10.2400,-10.2400,-10.2400,-10.2400,-10.2400
2025-06-15_05:21:40.900,1,1,1,1,2.2200,2.2250,2.2200,2.2250,2.2200,0.0000,2.2200,2.2200,-10.2400,-10.2400,-10.2400,-10.2400,-10.2400,-10.2400,-10.2400,-10.2400
2025-06-15_05:21:41.904,1,1,1,1,2.2200,2.2250,2.2250,2.2250,2.2200,0.0000,2.2200,2.2200,-10.2400,-10.2400,-10.2400,-10.2400,-10.2400,-10.2400,-10.2400,-10.2400
2025-06-15_05:21:42.908,1,1,1,1,2.2200,2.2250,2.2250,2.2250,2.2200,0.0000,2.2200,2.2200,-10.2400,-10.2400,-10.2400,-10.2400,-10.2400,-10.2400,-10.2400,-10.2400
2025-06-15_05:21:43.913,1,1,1,1,2.2200,2.2250,2.2250,2.2250,2.2200,0.0000,2.2200,2.2200,-10.2400,-10.2400,-10.2400,-10.2400,-10.2400,-10.2400,-10.2400,-10.2400
2025-06-15_05:21:44.917,1,1,1,1,2.2250,2.2250,2.2250,2.2250,2.2200,0.0000,2.2200,2.2200,-10.2400,-10.2400,-10.2400,-10.2400,-10.2400,-10.2400,-10.2400,-10.2400
2025-06-15_05:21:45.922,1,1,1,1,2.2250,2.2250,2.2250,2.2250,2.2200,0.0000,2.2200,2.2200,-10.2400,-10.2400,-10.2400,-10.2400,-10.2400,-10.2400,-10.2400,-10.2400
2025-06-15_05:21:46.926,1,1,1,1,2.2250,2.2250,2.2250,2.2250,2.2200,0.0000,2.2200,2.2200,-10.2400,-10.2400,-10.2400,-10.2400,-10.2400,-10.2400,-10.2400,-10.2400
2025-06-15_05:21:47.930,1,1,1,1,2.2200,2.2250,2.2250,2.2250,2.2200,0.0000,2.2200,2.2200,-10.2400,-10.2400,-10.2400,-10.2400,-10.2400,-10.2400,-10.2400,-10.2400
2025-06-15_05:21:48.937,1,1,1,1,2.2250,2.2250,2.2250,2.2250,2.2200,0.0000,2.2200,2.2200,-10.2400,-10.2400,-10.2400,-10.2400,-10.2400,-10.2400,-10.2400,-10.2400
2025-06-15_05:21:49.940,1,1,1,1,2.2250,2.2250,2.2250,2.2250,2.2200,0.0000,2.2200,2.2200,-10.2400,-10.2400,-10.2400,-10.2400,-10.2400,-10.2400,-10.2400,-10.2400
2025-06-15_05:21:50.945,1,1,1,1,2.2250,2.2250,2.2250,2.2250,2.2200,0.0000,2.2200,2.2200,-10.2400,-10.2400,-10.2400,-10.2400,-10.2400,-10.2400,-10.2400,-10.2400
2025-06-15_05:21:51.949,1,1,1,1,2.2200,2.2250,2.2250,2.2250,2.2200,0.0000,2.2200,2.2200,-10.2400,-10.2400,-10.2400,-10.2400,-10.2400,-10.2400,-10.2400,-10.2400
2025-06-15_05:21:52.954,1,1,1,1,2.2250,2.2250,2.2250,2.2250,2.2200,0.0000,2.2200,2.2200,-10.2400,-10.2400,-10.2400,-10.2400,-10.2400,-10.2400,-10.2400,-10.2400
2025-06-15_05:21:53.959,1,1,1,1,2.2200,2.2250,2.2250,2.2250,2.2200,0.0000,2.2200,2.2200,-10.2400,-10.2400,-10.2400,-10.2400,-10.2400,-10.2400,-10.2400,-10.2400
2025-06-15_05:21:54.964,1,1,1,1,2.2200,2.2250,2.2250,2.2250,2.2200,0.0000,2.2200,2.2200,-10.2400,-10.2400,-10.2400,-10.2400,-10.2400,-10.2400,-10.2400,-10.2400
2025-06-15_05:21:55.968,1,1,1,1,2.2250,2.2250,2.2250,2.2250,2.2200,0.0000,2.2200,2.2200,-10.2400,-10.2400,-10.2400,-10.2400,-10.2400,-10.2400,-10.2400,-10.2400
2025-06-15_05:21:56.972,1,1,1,1,2.2200,2.2250,2.2250,2.2250,2.2200,0.0000,2.2200,2.2200,-10.2400,-10.2400,-10.2400,-10.2400,-10.2400,-10.2400,-10.2400,-10.2400
2025-06-15_05:21:57.977,1,1,1,1,2.2250,2.2250,2.2250,2.2250,2.2200,0.0000,2.2200,2.2200,-10.2400,-10.2400,-10.2400,-10.2400,-10.2400,-10.2400,-10.2400,-10.2400
2025-06-15_05:21:58.982,1,1,1,1,2.2250,2.2250,2.2250,2.2250,2.2200,0.0000,2.2200,2.2200,-10.2400,-10.2400,-10.2400,-10.2400,-10.2400,-10.2400,-10.2400,-10.2400
2025-06-15_05:21:59.986,1,1,1,1,2.2250,2.2250,2.2250,2.2250,2.2200,0.0000,2.2200,2.2200,-10.2400,-10.2400,-10.2400,-10.2400,-10.2400,-10.2400,-10.2400,-10.2400
2025-06-15_05:22:00.990,1,1,1,1,2.2250,2.2250,2.2250,2.2250,2.2200,0.0000,2.2200,2.2200,-10.2400,-10.2400,-10.2400,-10.2400,-10.2400,-10.2400,-10.2400,-10.2400
2025-06-15_05:22:01.994,1,1,1,1,2.2200,2.2250,2.2250,2.2250,2.2200,0.0000,2.2200,2.2200,-10.2400,-10.2400,-10.2400,-10.2400,-10.2400,-10.2400,-10.2400,-10.2400
2025-06-15_05:22:02.999,1,1,1,1,2.2250,2.2250,2.2250,2.2250,2.2200,0.0000,2.2200,2.2200,-10.2400,-10.2400,-10.2400,-10.2400,-10.2400,-10.2400,-10.2400,-10.2400
2025-06-15_05:22:04.004,1,1,1,1,2.2250,2.2250,2.2250,2.2250,2.2200,0.0000,2.2200,2.2200,-10.2400,-10.2400,-10.2400,-10.2400,-10.2400,-10.2400,-10.2400,-10.2400
2025-06-15_05:22:05.008,1,1,1,1,2.2200,2.2250,2.2250,2.2250,2.2200,0.0000,2.2200,2.2200,-10.2400,-10.2400,-10.2400,-10.2400,-10.2400,-10.2400,-10.2400,-10.2400
2025-06-15_05:22:06.012,1,1,1,1,2.2200,2.2250,2.2250,2.2250,2.2200,0.0000,2.2200,2.2200,-10.2400,-10.2400,-10.2400,-10.2400,-10.2400,-10.2400,-10.2400,-10.2400
2025-06-15_05:22:07.015,1,1,1,1,2.2200,2.2250,2.2250,2.2250,2.2200,0.0000,2.2200,2.2200,-10.2400,-10.2400,-10.2400,-10.2400,-10.2400,-10.2400,-10.2400,-10.2400
2025-06-15_05:22:08.019,1,1,1,1,2.2200,2.2250,2.2250,2.2250,2.2200,0.0000,2.2200,2.2200,-10.2400,-10.2400,-10.2400,-10.2400,-10.2400,-10.2400,-10.2400,-10.2400
2025-06-15_05:22:09.024,1,1,1,1,2.2250,2.2250,2.2250,2.2250,2.2200,0.0000,2.2200,2.2200,-10.2400,-10.2400,-10.2400,-10.2400,-10.2400,-10.2400,-10.2400,-10.2400
2025-06-15_05:22:10.030,1,1,1,1,2.2250,2.2250,2.2200,2.2250,2.2200,0.0000,2.2200,2.2200,-10.2400,-10.2400,-10.2400,-10.2400,-10.2400,-10.2400,-10.2400,-10.2400
2025-06-15_05:22:11.033,1,1,1,1,2.2200,2.2250,2.2250,2.2250,2.2200,0.0000,2.2200,2.2200,-10.2400,-10.2400,-10.2400,-10.2400,-10.2400,-10.2400,-10.2400,-10.2400
2025-06-15_05:22:12.037,1,1,1,1,2.2250,2.2250,2.2250,2.2250,2.2200,0.0000,2.2200,2.2200,-10.2400,-10.2400,-10.2400,-10.2400,-10.2400,-10.2400,-10.2400,-10.2400
2025-06-15_05:22:13.042,1,1,1,1,2.2250,2.2250,2.2250,2.2250,2.2200,0.0000,2.2200,2.2200,-10.2400,-10.2400,-10.2400,-10.2400,-10.2400,-10.2400,-10.2400,-10.2400
2025-06-15_05:22:14.045,1,1,1,1,2.2250,2.2250,2.2250,2.2250,2.2200,0.0000,2.2200,2.2200,-10.2400,-10.2400,-10.2400,-10.2400,-10.2400,-10.2400,-10.2400,-10.2400
2025-06-15_05:22:15.048,1,1,1,1,2.2250,2.2250,2.2250,2.2250,2.2200,0.0000,2.2200,2.2200,-10.2400,-10.2400,-10.2400,-10.2400,-10.2400,-10.2400,-10.2400,-10.2400
2025-06-15_05:22:16.051,1,1,1,1,2.2250,2.2250,2.2250,2.2250,2.2200,0.0000,2.2200,2.2200,-10.2400,-10.2400,-10.2400,-10.2400,-10.2400,-10.2400,-10.2400,-10.2400
2025-06-15_05:22:17.055,1,1,1,1,2.2250,2.2250,2.2250,2.2250,2.2200,0.0000,2.2200,2.2200,-10.2400,-10.2400,-10.2400,-10.2400,-10.2400,-10.2400,-10.2400,-10.2400
2025-06-15_05:22:18.060,1,1,1,1,2.2200,2.2250,2.2250,2.2250,2.2200,0.0000,2.2200,2.2200,-10.2400,-10.2400,-10.2400,-10.2400,-10.2400,-10.2400,-10.2400,-10.2400
2025-06-15_05:22:19.064,1,1,1,1,2.2250,2.2250,2.2250,2.2250,2.2200,0.0000,2.2200,2.2200,-10.2400,-10.2400,-10.2400,-10.2400,-10.2400,-10.2400,-10.2400,-10.2400
2025-06-15_05:22:20.068,1,1,1,1,2.2250,2.2250,2.2250,2.2250,2.2200,0.0000,2.2200,2.2200,-10.2400,-10.2400,-10.2400,-10.2400,-10.2400,-10.2400,-10.2400,-10.2400
2025-06-15_05:22:21.072,1,1,1,1,2.2200,2.2250,2.2250,2.2250,2.2200,0.0000,2.2200,2.2200,-10.2400,-10.2400,-10.2400,-10.2400,-10.2400,-10.2400,-10.2400,-10.2400
2025-06-15_05:22:22.076,1,1,1,1,2.2200,2.2250,2.2250,2.2250,2.2200,0.0000,2.2200,2.2200,-10.2400,-10.2400,-10.2400,-10.2400,-10.2400,-10.2400,-10.2400,-10.2400
2025-06-15_05:22:23.080,1,1,1,1,2.2200,2.2250,2.2200,2.2250,2.2200,0.0000,2.2200,2.2200,-10.2400,-10.2400,-10.2400,-10.2400,-10.2400,-10.2400,-10.2400,-10.2400
2025-06-15_05:22:24.085,1,1,1,1,2.2200,2.2250,2.2250,2.2250,2.2200,0.0000,2.2200,2.2200,-10.2400,-10.2400,-10.2400,-10.2400,-10.2400,-10.2400,-10.2400,-10.2400
2025-06-15_05:22:25.089,1,1,1,1,2.2200,2.2250,2.2250,2.2250,2.2200,0.0000,2.2200,2.2200,-10.2400,-10.2400,-10.2400,-10.2400,-10.2400,-10.2400,-10.2400,-10.2400
2025-06-15_05:22:26.093,1,1,1,1,2.2200,2.2250,2.2250,2.2250,2.2200,0.0000,2.2200,2.2200,-10.2400,-10.2400,-10.2400,-10.2400,-10.2400,-10.2400,-10.2400,-10.2400
2025-06-15_05:22:27.097,1,1,1,1,2.2200,2.2250,2.2250,2.2250,2.2200,0.0000,2.2200,2.2200,-10.2400,-10.2400,-10.2400,-10.2400,-10.2400,-10.2400,-10.2400,-10.2400
2025-06-15_05:22:28.101,1,1,1,1,2.2250,2.2250,2.2250,2.2250,2.2200,0.0000,2.2200,2.2200,-10.2400,-10.2400,-10.2400,-10.2400,-10.2400,-10.2400,-10.2400,-10.2400
2025-06-15_05:22:29.107,1,1,1,1,2.2200,2.2250,2.2250,2.2250,2.2200,0.0000,2.2200,2.2200,-10.2400,-10.2400,-10.2400,-10.2400,-10.2400,-10.2400,-10.2400,-10.2400
2025-06-15_05:22:30.112,1,1,1,1,2.2250,2.2250,2.2250,2.2250,2.2200,0.0000,2.2200,2.2200,-10.2400,-10.2400,-10.2400,-10.2400,-10.2400,-10.2400,-10.2400,-10.2400
2025-06-15_05:22:31.116,1,1,1,1,2.2250,2.2250,2.2250,2.2250,2.2200,0.0000,2.2200,2.2200,-10.2400,-10.2400,-10.2400,-10.2400,-10.2400,-10.2400,-10.2400,-10.2400
2025-06-15_05:22:32.121,1,1,1,1,2.2250,2.2250,2.2250,2.2250,2.2200,0.0000,2.2200,2.2200,-10.2400,-10.2400,-10.2400,-10.2400,-10.2400,-10.2400,-10.2400,-10.2400
2025-06-15_05:22:33.125,1,1,1,1,2.2250,2.2250,2.2250,2.2250,2.2200,0.0000,2.2200,2.2200,-10.2400,-10.2400,-10.2400,-10.2400,-10.2400,-10.2400,-10.2400,-10.2400
2025-06-15_05:22:34.130,1,1,1,1,2.2200,2.2250,2.2250,2.2250,2.2200,0.0000,2.2200,2.2200,-10.2400,-10.2400,-10.2400,-10.2400,-10.2400,-10.2400,-10.2400,-10.2400
2025-06-15_05:22:35.135,1,1,1,1,2.2250,2.2250,2.2250,2.2250,2.2200,0.0000,2.2200,2.2200,-10.2400,-10.2400,-10.2400,-10.2400,-10.2400,-10.2400,-10.2400,-10.2400
2025-06-15_05:22:36.137,1,1,1,1,2.2250,2.2250,2.2250,2.2250,2.2200,0.0000,2.2200,2.2200,-10.2400,-10.2400,-10.2400,-10.2400,-10.2400,-10.2400,-10.2400,-10.2400
2025-06-15_05:22:37.140,1,1,1,1,2.2250,2.2250,2.2250,2.2250,2.2200,0.0000,2.2200,2.2200,-10.2400,-10.2400,-10.2400,-10.2400,-10.2400,-10.2400,-10.2400,-10.2400
2025-06-15_05:22:38.146,1,1,1,1,2.2250,2.2250,2.2250,2.2250,2.2200,0.0000,2.2200,2.2200,-10.2400,-10.2400,-10.2400,-10.2400,-10.2400,-10.2400,-10.2400,-10.2400
2025-06-15_05:22:39.150,1,1,1,1,2.2250,2.2250,2.2250,2.2250,2.2200,0.0000,2.2200,2.2200,-10.2400,-10.2400,-10.2400,-10.2400,-10.2400,-10.2400,-10.2400,-10.2400
2025-06-15_05:22:40.153,1,1,1,1,2.2250,2.2250,2.2250,2.2250,2.2200,0.0000,2.2200,2.2200,-10.2400,-10.2400,-10.2400,-10.2400,-10.2400,-10.2400,-10.2400,-10.2400
2025-06-15_05:22:41.158,1,1,1,1,2.2250,2.2250,2.2250,2.2250,2.2200,0.0000,2.2200,2.2200,-10.2400,-10.2400,-10.2400,-10.2400,-10.2400,-10.2400,-10.2400,-10.2400
2025-06-15_05:22:42.162,1,1,1,1,2.2250,2.2250,2.2250,2.2250,2.2200,0.0000,2.2200,2.2200,-10.2400,-10.2400,-10.2400,-10.2400,-10.2400,-10.2400,-10.2400,-10.2400
2025-06-15_05:22:43.166,1,1,1,1,2.2250,2.2250,2.2250,2.2250,2.2200,0.0000,2.2200,2.2200,-10.2400,-10.2400,-10.2400,-10.2400,-10.2400,-10.2400,-10.2400,-10.2400
2025-06-15_05:22:44.170,1,1,1,1,2.2250,2.2250,2.2250,2.2250,2.2200,0.0000,2.2200,2.2200,-10.2400,-10.2400,-10.2400,-10.2400,-10.2400,-10.2400,-10.2400,-10.2400
2025-06-15_05:22:45.175,1,1,1,1,2.2250,2.2250,2.2250,2.2250,2.2200,0.0000,2.2200,2.2200,-10.2400,-10.2400,-10.2400,-10.2400,-10.2400,-10.2400,-10.2400,-10.2400
2025-06-15_05:22:46.179,1,1,1,1,2.2250,2.2250,2.2250,2.2250,2.2200,0.0000,2.2200,2.2200,-10.2400,-10.2400,-10.2400,-10.2400,-10.2400,-10.2400,-10.2400,-10.2400
2025-06-15_05:22:47.183,1,1,1,1,2.2250,2.2250,2.2250,2.2250,2.2200,0.0000,2.2200,2.2200,-10.2400,-10.2400,-10.2400,-10.2400,-10.2400,-10.2400,-10.2400,-10.2400
2025-06-15_05:22:48.186,1,1,1,1,2.2250,2.2250,2.2250,2.2250,2.2200,0.0000,2.2200,2.2200,-10.2400,-10.2400,-10.2400,-10.2400,-10.2400,-10.2400,-10.2400,-10.2400
2025-06-15_05:22:49.190,1,1,1,1,2.2250,2.2250,2.2250,2.2250,2.2200,0.0000,2.2200,2.2200,-10.2400,-10.2400,-10.2400,-10.2400,-10.2400,-10.2400,-10.2400,-10.2400
2025-06-15_05:22:50.194,1,1,1,1,2.2250,2.2250,2.2250,2.2250,2.2200,0.0000,2.2200,2.2200,-10.2400,-10.2400,-10.2400,-10.2400,-10.2400,-10.2400,-10.2400,-10.2400
2025-06-15_05:22:51.197,1,1,1,1,2.2250,2.2250,2.2250,2.2250,2.2200,0.0000,2.2200,2.2200,-10.2400,-10.2400,-10.2400,-10.2400,-10.2400,-10.2400,-10.2400,-10.2400
2025-06-15_05:22:52.201,1,1,1,1,2.2250,2.2250,2.2250,2.2250,2.2200,-0.0050,2.2200,2.2200,-10.2400,-10.2400,-10.2400,-10.2400,-10.2400,-10.2400,-10.2400,-10.2400
2025-06-15_05:22:53.207,1,1,1,1,2.2250,2.2250,2.2250,2.2250,2.2200,0.0000,2.2200,2.2200,-10.2400,-10.2400,-10.2400,-10.2400,-10.2400,-10.2400,-10.2400,-10.2400
2025-06-15_05:22:54.211,1,1,1,1,2.2250,2.2250,2.2250,2.2250,2.2200,0.0000,2.2200,2.2200,-10.2400,-10.2400,-10.2400,-10.2400,-10.2400,-10.2400,-10.2400,-10.2400
2025-06-15_05:22:55.216,1,1,1,1,2.2250,2.2250,2.2250,2.2250,2.2200,0.0000,2.2200,2.2200,-10.2400,-10.2400,-10.2400,-10.2400,-10.2400,-10.2400,-10.2400,-10.2400
2025-06-15_05:22:56.220,1,1,1,1,2.2250,2.2250,2.2250,2.2250,2.2200,0.0000,2.2200,2.2200,-10.2400,-10.2400,-10.2400,-10.2400,-10.2400,-10.2400,-10.2400,-10.2400
2025-06-15_05:22:57.224,1,1,1,1,2.2250,2.2250,2.2200,2.2250,2.2200,0.0000,2.2200,2.2200,-10.2400,-10.2400,-10.2400,-10.2400,-10.2400,-10.2400,-10.2400,-10.2400
2025-06-15_05:22:58.228,1,1,1,1,2.2200,2.2250,2.2250,2.2250,2.2200,0.0000,2.2200,2.2200,-10.2400,-10.2400,-10.2400,-10.2400,-10.2400,-10.2400,-10.2400,-10.2400
2025-06-15_05:22:59.233,1,1,1,1,2.2250,2.2250,2.2250,2.2250,2.2200,0.0000,2.2200,2.2200,-10.2400,-10.2400,-10.2400,-10.2400,-10.2400,-10.2400,-10.2400,-10.2400
2025-06-15_05:23:00.237,1,1,1,1,2.2250,2.2250,2.2250,2.2250,2.2200,0.0000,2.2200,2.2200,-10.2400,-10.2400,-10.2400,-10.2400,-10.2400,-10.2400,-10.2400,-10.2400
2025-06-15_05:23:01.241,1,1,1,1,2.2200,2.2250,2.2250,2.2250,2.2200,0.0000,2.2200,2.2200,-10.2400,-10.2400,-10.2400,-10.2400,-10.2400,-10.2400,-10.2400,-10.2400
2025-06-15_05:23:02.245,1,1,1,1,2.2200,2.2250,2.2250,2.2250,2.2200,0.0000,2.2200,2.2200,-10.2400,-10.2400,-10.2400,-10.2400,-10.2400,-10.2400,-10.2400,-10.2400
2025-06-15_05:23:03.248,1,1,1,1,2.2250,2.2250,2.2250,2.2250,2.2200,0.0000,2.2200,2.2200,-10.2400,-10.2400,-10.2400,-10.2400,-10.2400,-10.2400,-10.2400,-10.2400
2025-06-15_05:23:04.253,1,1,1,1,2.2250,2.2250,2.2250,2.2250,2.2200,0.0000,2.2200,2.2200,-10.2400,-10.2400,-10.2400,-10.2400,-10.2400,-10.2400,-10.2400,-10.2400
2025-06-15_05:23:05.256,1,1,1,1,2.2250,2.2250,2.2250,2.2250,2.2200,0.0000,2.2200,2.2200,-10.2400,-10.2400,-10.2400,-10.2400,-10.2400,-10.2400,-10.2400,-10.2400
2025-06-15_05:23:06.259,1,1,1,1,2.2250,2.2250,2.2250,2.2250,2.2200,0.0000,2.2200,2.2200,-10.2400,-10.2400,-10.2400,-10.2400,-10.2400,-10.2400,-10.2400,-10.2400
2025-06-15_05:23:07.263,1,1,1,1,2.2250,2.2250,2.2250,2.2250,2.2200,0.0000,2.2200,2.2200,-10.2400,-10.2400,-10.2400,-10.2400,-10.2400,-10.2400,-10.2400,-10.2400
2025-06-15_05:23:08.268,1,1,1,1,2.2250,2.2250,2.2250,2.2250,2.2200,0.0000,2.2200,2.2200,-10.2400,-10.2400,-10.2400,-10.2400,-10.2400,-10.2400,-10.2400,-10.2400
2025-06-15_05:23:09.274,1,1,1,1,2.2250,2.2250,2.2250,2.2250,2.2200,0.0000,2.2200,2.2200,-10.2400,-10.2400,-10.2400,-10.2400,-10.2400,-10.2400,-10.2400,-10.2400
2025-06-15_05:23:10.279,1,1,1,1,2.2250,2.2250,2.2250,2.2250,2.2200,0.0000,2.2200,2.2200,-10.2400,-10.2400,-10.2400,-10.2400,-10.2400,-10.2400,-10.2400,-10.2400
2025-06-15_05:23:11.283,1,1,1,1,2.2250,2.2250,2.2250,2.2250,2.2200,0.0000,2.2200,2.2200,-10.2400,-10.2400,-10.2400,-10.2400,-10.2400,-10.2400,-10.2400,-10.2400
2025-06-15_05:23:12.287,1,1,1,1,2.2250,2.2250,2.2250,2.2250,2.2200,0.0000,2.2200,2.2200,-10.2400,-10.2400,-10.2400,-10.2400,-10.2400,-10.2400,-10.2400,-10.2400
2025-06-15_05:23:13.291,1,1,1,1,2.2250,2.2250,2.2250,2.2250,2.2200,0.0000,2.2200,2.2200,-10.2400,-10.2400,-10.2400,-10.2400,-10.2400,-10.2400,-10.2400,-10.2400
2025-06-15_05:23:14.295,1,1,1,1,2.2250,2.2250,2.2250,2.2250,2.2200,0.0000,2.2200,2.2200,-10.2400,-10.2400,-10.2400,-10.2400,-10.2400,-10.2400,-10.2400,-10.2400
2025-06-15_05:23:15.300,1,1,1,1,2.2250,2.2250,2.2250,2.2250,2.2200,0.0000,2.2200,2.2200,-10.2400,-10.2400,-10.2400,-10.2400,-10.2400,-10.2400,-10.2400,-10.2400
2025-06-15_05:23:16.304,1,1,1,1,2.2250,2.2250,2.2250,2.2250,2.2200,0.0000,2.2200,2.2200,-10.2400,-10.2400,-10.2400,-10.2400,-10.2400,-10.2400,-10.2400,-10.2400
2025-06-15_05:23:17.306,1,1,1,1,2.2250,2.2250,2.2250,2.2250,2.2200,0.0000,2.2200,2.2200,-10.2400,-10.2400,-10.2400,-10.2400,-10.2400,-10.2400,-10.2400,-10.2400
2025-06-15_05:23:18.316,1,1,1,1,2.2250,2.2250,2.2200,2.2250,2.2200,0.0000,2.2200,2.2200,-10.2400,-10.2400,-10.2400,-10.2400,-10.2400,-10.2400,-10.2400,-10.2400
2025-06-15_05:23:19.319,1,1,1,1,2.2250,2.2250,2.2250,2.2250,2.2200,0.0000,2.2200,2.2200,-10.2400,-10.2400,-10.2400,-10.2400,-10.2400,-10.2400,-10.2400,-10.2400
2025-06-15_05:23:20.322,1,1,1,1,2.2250,2.2250,2.2250,2.2250,2.2200,0.0000,2.2200,2.2200,-10.2400,-10.2400,-10.2400,-10.2400,-10.2400,-10.2400,-10.2400,-10.2400
2025-06-15_05:23:21.325,1,1,1,1,2.2250,2.2250,2.2250,2.2250,2.2200,0.0000,2.2200,2.2200,-10.2400,-10.2400,-10.2400,-10.2400,-10.2400,-10.2400,-10.2400,-10.2400
2025-06-15_05:23:22.330,1,1,1,1,2.2250,2.2250,2.2250,2.2250,2.2200,0.0000,2.2200,2.2200,-10.2400,-10.2400,-10.2400,-10.2400,-10.2400,-10.2400,-10.2400,-10.2400
2025-06-15_05:23:23.335,1,1,1,1,2.2200,2.2250,2.2250,2.2250,2.2200,0.0000,2.2200,2.2200,-10.2400,-10.2400,-10.2400,-10.2400,-10.2400,-10.2400,-10.2400,-10.2400
2025-06-15_05:23:24.339,1,1,1,1,2.2250,2.2250,2.2250,2.2250,2.2200,0.0000,2.2200,2.2200,-10.2400,-10.2400,-10.2400,-10.2400,-10.2400,-10.2400,-10.2400,-10.2400
2025-06-15_05:23:25.342,1,1,1,1,2.2250,2.2250,2.2250,2.2250,2.2200,0.0000,2.2200,2.2200,-10.2400,-10.2400,-10.2400,-10.2400,-10.2400,-10.2400,-10.2400,-10.2400
2025-06-15_05:23:26.345,1,1,1,1,2.2250,2.2250,2.2250,2.2250,2.2200,0.0000,2.2200,2.2200,-10.2400,-10.2400,-10.2400,-10.2400,-10.2400,-10.2400,-10.2400,-10.2400
2025-06-15_05:23:27.350,1,1,1,1,2.2250,2.2250,2.2250,2.2250,2.2200,0.0000,2.2200,2.2200,-10.2400,-10.2400,-10.2400,-10.2400,-10.2400,-10.2400,-10.2400,-10.2400
2025-06-15_05:23:28.352,1,1,1,1,2.2250,2.2250,2.2250,2.2250,2.2200,0.0000,2.2200,2.2200,-10.2400,-10.2400,-10.2400,-10.2400,-10.2400,-10.2400,-10.2400,-10.2400
2025-06-15_05:23:29.355,1,1,1,1,2.2250,2.2250,2.2250,2.2250,2.2200,0.0000,2.2200,2.2200,-10.2400,-10.2400,-10.2400,-10.2400,-10.2400,-10.2400,-10.2400,-10.2400
2025-06-15_05:23:30.359,1,1,1,1,2.2250,2.2250,2.2250,2.2250,2.2200,0.0000,2.2200,2.2200,-10.2400,-10.2400,-10.2400,-10.2400,-10.2400,-10.2400,-10.2400,-10.2400
2025-06-15_05:23:31.363,1,1,1,1,2.2250,2.2250,2.2250,2.2250,2.2200,0.0000,2.2200,2.2200,-10.2400,-10.2400,-10.2400,-10.2400,-10.2400,-10.2400,-10.2400,-10.2400
2025-06-15_05:23:32.368,1,1,1,1,2.2250,2.2250,2.2200,2.2250,2.2200,0.0000,2.2200,2.2200,-10.2400,-10.2400,-10.2400,-10.2400,-10.2400,-10.2400,-10.2400,-10.2400
2025-06-15_05:23:33.372,1,1,1,1,2.2250,2.2250,2.2250,2.2250,2.2200,0.0000,2.2200,2.2200,-10.2400,-10.2400,-10.2400,-10.2400,-10.2400,-10.2400,-10.2400,-10.2400
2025-06-15_05:23:34.377,1,1,1,1,2.2250,2.2250,2.2250,2.2250,2.2200,0.0000,2.2200,2.2200,-10.2400,-10.2400,-10.2400,-10.2400,-10.2400,-10.2400,-10.2400,-10.2400
2025-06-15_05:23:35.381,1,1,1,1,2.2200,2.2250,2.2250,2.2250,2.2200,0.0000,2.2200,2.2200,-10.2400,-10.2400,-10.2400,-10.2400,-10.2400,-10.2400,-10.2400,-10.2400
2025-06-15_05:23:36.385,1,1,1,1,2.2250,2.2250,2.2250,2.2250,2.2200,0.0000,2.2200,2.2200,-10.2400,-10.2400,-10.2400,-10.2400,-10.2400,-10.2400,-10.2400,-10.2400
2025-06-15_05:23:37.390,1,1,1,1,2.2250,2.2250,2.2250,2.2250,2.2200,0.0000,2.2200,2.2200,-10.2400,-10.2400,-10.2400,-10.2400,-10.2400,-10.2400,-10.2400,-10.2400
2025-06-15_05:23:38.393,1,1,1,1,2.2250,2.2250,2.2250,2.2250,2.2200,0.0000,2.2200,2.2200,-10.2400,-10.2400,-10.2400,-10.2400,-10.2400,-10.2400,-10.2400,-10.2400
2025-06-15_05:23:39.397,1,1,1,1,2.2250,2.2250,2.2250,2.2250,2.2200,0.0000,2.2200,2.2200,-10.2400,-10.2400,-10.2400,-10.2400,-10.2400,-10.2400,-10.2400,-10.2400
2025-06-15_05:23:40.401,1,1,1,1,2.2250,2.2250,2.2250,2.2250,2.2200,0.0000,2.2200,2.2200,-10.2400,-10.2400,-10.2400,-10.2400,-10.2400,-10.2400,-10.2400,-10.2400
2025-06-15_05:23:41.405,1,1,1,1,2.2250,2.2250,2.2250,2.2250,2.2200,0.0000,2.2200,2.2200,-10.2400,-10.2400,-10.2400,-10.2400,-10.2400,-10.2400,-10.2400,-10.2400
2025-06-15_05:23:42.410,1,1,1,1,2.2250,2.2250,2.2250,2.2250,2.2200,0.0000,2.2200,2.2200,-10.2400,-10.2400,-10.2400,-10.2400,-10.2400,-10.2400,-10.2400,-10.2400
2025-06-15_05:23:43.414,1,1,1,1,2.2250,2.2250,2.2250,2.2250,2.2200,0.0000,2.2200,2.2200,-10.2400,-10.2400,-10.2400,-10.2400,-10.2400,-10.2400,-10.2400,-10.2400
2025-06-15_05:23:44.418,1,1,1,1,2.2250,2.2250,2.2250,2.2250,2.2200,0.0000,2.2200,2.2200,-10.2400,-10.2400,-10.2400,-10.2400,-10.2400,-10.2400,-10.2400,-10.2400
2025-06-15_05:23:45.423,1,1,1,1,2.2250,2.2250,2.2200,2.2250,2.2200,0.0000,2.2200,2.2200,-10.2400,-10.2400,-10.2400,-10.2400,-10.2400,-10.2400,-10.2400,-10.2400
2025-06-15_05:23:46.426,1,1,1,1,2.2250,2.2250,2.2250,2.2250,2.2200,0.0000,2.2200,2.2200,-10.2400,-10.2400,-10.2400,-10.2400,-10.2400,-10.2400,-10.2400,-10.2400
2025-06-15_05:23:47.431,1,1,1,1,2.2250,2.2250,2.2250,2.2250,2.2200,0.0000,2.2200,2.2200,-10.2400,-10.2400,-10.2400,-10.2400,-10.2400,-10.2400,-10.2400,-10.2400
2025-06-15_05:23:48.439,1,1,1,1,2.2250,2.2250,2.2250,2.2250,2.2200,0.0000,2.2200,2.2200,-10.2400,-10.2400,-10.2400,-10.2400,-10.2400,-10.2400,-10.2400,-10.2400
2025-06-15_05:23:49.444,1,1,1,1,2.2200,2.2250,2.2250,2.2250,2.2200,0.0000,2.2200,2.2200,-10.2400,-10.2400,-10.2400,-10.2400,-10.2400,-10.2400,-10.2400,-10.2400
2025-06-15_05:23:50.448,1,1,1,1,2.2250,2.2250,2.2250,2.2250,2.2200,0.0000,2.2200,2.2200,-10.2400,-10.2400,-10.2400,-10.2400,-10.2400,-10.2400,-10.2400,-10.2400
2025-06-15_05:23:51.452,1,1,1,1,2.2200,2.2250,2.2250,2.2250,2.2200,0.0000,2.2200,2.2200,-10.2400,-10.2400,-10.2400,-10.2400,-10.2400,-10.2400,-10.2400,-10.2400
2025-06-15_05:23:52.456,1,1,1,1,2.2250,2.2250,2.2250,2.2250,2.2200,0.0000,2.2200,2.2200,-10.2400,-10.2400,-10.2400,-10.2400,-10.2400,-10.2400,-10.2400,-10.2400
2025-06-15_05:23:53.461,1,1,1,1,2.2250,2.2250,2.2250,2.2250,2.2200,0.0000,2.2200,2.2200,-10.2400,-10.2400,-10.2400,-10.2400,-10.2400,-10.2400,-10.2400,-10.2400
2025-06-15_05:23:54.465,1,1,1,1,2.2200,2.2250,2.2250,2.2250,2.2200,0.0000,2.2200,2.2200,-10.2400,-10.2400,-10.2400,-10.2400,-10.2400,-10.2400,-10.2400,-10.2400
2025-06-15_05:23:55.469,1,1,1,1,2.2250,2.2250,2.2250,2.2250,2.2200,0.0000,2.2200,2.2200,-10.2400,-10.2400,-10.2400,-10.2400,-10.2400,-10.2400,-10.2400,-10.2400
2025-06-15_05:23:56.474,1,1,1,1,2.2200,2.2250,2.2250,2.2250,2.2200,0.0000,2.2200,2.2200,-10.2400,-10.2400,-10.2400,-10.2400,-10.2400,-10.2400,-10.2400,-10.2400
2025-06-15_05:23:57.479,1,1,1,1,2.2250,2.2250,2.2250,2.2250,2.2200,0.0000,2.2200,2.2200,-10.2400,-10.2400,-10.2400,-10.2400,-10.2400,-10.2400,-10.2400,-10.2400
2025-06-15_05:23:58.483,1,1,1,1,2.2200,2.2250,2.2250,2.2250,2.2200,0.0000,2.2200,2.2200,-10.2400,-10.2400,-10.2400,-10.2400,-10.2400,-10.2400,-10.2400,-10.2400
2025-06-15_05:23:59.488,1,1,1,1,2.2250,2.2250,2.2250,2.2250,2.2200,0.0000,2.2200,2.2200,-10.2400,-10.2400,-10.2400,-10.2400,-10.2400,-10.2400,-10.2400,-10.2400
2025-06-15_05:24:00.492,1,1,1,1,2.2200,2.2250,2.2250,2.2250,2.2200,0.0000,2.2200,2.2200,-10.2400,-10.2400,-10.2400,-10.2400,-10.2400,-10.2400,-10.2400,-10.2400
2025-06-15_05:24:01.496,1,1,1,1,2.2250,2.2250,2.2250,2.2250,2.2200,0.0000,2.2200,2.2200,-10.2400,-10.2400,-10.2400,-10.2400,-10.2400,-10.2400,-10.2400,-10.2400
2025-06-15_05:24:02.501,1,1,1,1,2.2200,2.2250,2.2250,2.2250,2.2200,0.0000,2.2200,2.2200,-10.2400,-10.2400,-10.2400,-10.2400,-10.2400,-10.2400,-10.2400,-10.2400
2025-06-15_05:24:03.506,1,1,1,1,2.2250,2.2250,2.2250,2.2250,2.2200,0.0000,2.2200,2.2200,-10.2400,-10.2400,-10.2400,-10.2400,-10.2400,-10.2400,-10.2400,-10.2400
2025-06-15_05:24:04.511,1,1,1,1,2.2250,2.2250,2.2250,2.2250,2.2200,0.0000,2.2200,2.2200,-10.2400,-10.2400,-10.2400,-10.2400,-10.2400,-10.2400,-10.2400,-10.2400
2025-06-15_05:24:05.516,1,1,1,1,2.2250,2.2250,2.2250,2.2250,2.2200,0.0000,2.2200,2.2200,-10.2400,-10.2400,-10.2400,-10.2400,-10.2400,-10.2400,-10.2400,-10.2400
2025-06-15_05:24:06.521,1,1,1,1,2.2250,2.2250,2.2250,2.2250,2.2200,0.0000,2.2200,2.2200,-10.2400,-10.2400,-10.2400,-10.2400,-10.2400,-10.2400,-10.2400,-10.2400
2025-06-15_05:24:07.525,1,1,1,1,2.2200,2.2250,2.2250,2.2250,2.2200,0.0000,2.2200,2.2200,-10.2400,-10.2400,-10.2400,-10.2400,-10.2400,-10.2400,-10.2400,-10.2400
2025-06-15_05:24:08.529,1,1,1,1,2.2250,2.2250,2.2250,2.2250,2.2200,0.0000,2.2200,2.2200,-10.2400,-10.2400,-10.2400,-10.2400,-10.2400,-10.2400,-10.2400,-10.2400
2025-06-15_05:24:09.533,1,1,1,1,2.2200,2.2250,2.2250,2.2250,2.2200,0.0000,2.2200,2.2200,-10.2400,-10.2400,-10.2400,-10.2400,-10.2400,-10.2400,-10.2400,-10.2400
2025-06-15_05:24:10.536,1,1,1,1,2.2250,2.2250,2.2250,2.2250,2.2200,0.0000,2.2200,2.2200,-10.2400,-10.2400,-10.2400,-10.2400,-10.2400,-10.2400,-10.2400,-10.2400
2025-06-15_05:24:11.540,1,1,1,1,2.2250,2.2250,2.2250,2.2250,2.2200,0.0000,2.2200,2.2200,-10.2400,-10.2400,-10.2400,-10.2400,-10.2400,-10.2400,-10.2400,-10.2400
2025-06-15_05:24:12.545,1,1,1,1,2.2250,2.2250,2.2250,2.2250,2.2200,0.0000,2.2200,2.2200,-10.2400,-10.2400,-10.2400,-10.2400,-10.2400,-10.2400,-10.2400,-10.2400
2025-06-15_05:24:13.550,1,1,1,1,2.2250,2.2250,2.2250,2.2250,2.2200,0.0000,2.2200,2.2200,-10.2400,-10.2400,-10.2400,-10.2400,-10.2400,-10.2400,-10.2400,-10.2400
2025-06-15_05:24:14.554,1,1,1,1,2.2250,2.2250,2.2250,2.2250,2.2200,0.0000,2.2200,2.2200,-10.2400,-10.2400,-10.2400,-10.2400,-10.2400,-10.2400,-10.2400,-10.2400
2025-06-15_05:24:15.558,1,1,1,1,2.2250,2.2250,2.2250,2.2250,2.2200,0.0000,2.2200,2.2200,-10.2400,-10.2400,-10.2400,-10.2400,-10.2400,-10.2400,-10.2400,-10.2400
2025-06-15_05:24:16.562,1,1,1,1,2.2250,2.2250,2.2250,2.2250,2.2200,0.0000,2.2200,2.2200,-10.2400,-10.2400,-10.2400,-10.2400,-10.2400,-10.2400,-10.2400,-10.2400
2025-06-15_05:24:17.567,1,1,1,1,2.2250,2.2250,2.2200,2.2250,2.2200,0.0000,2.2200,2.2200,-10.2400,-10.2400,-10.2400,-10.2400,-10.2400,-10.2400,-10.2400,-10.2400
2025-06-15_05:24:18.571,1,1,1,1,2.2200,2.2250,2.2250,2.2250,2.2200,0.0000,2.2200,2.2200,-10.2400,-10.2400,-10.2400,-10.2400,-10.2400,-10.2400,-10.2400,-10.2400
2025-06-15_05:24:19.576,1,1,1,1,2.2250,2.2250,2.2250,2.2250,2.2200,0.0000,2.2200,2.2200,-10.2400,-10.2400,-10.2400,-10.2400,-10.2400,-10.2400,-10.2400,-10.2400
2025-06-15_05:24:20.580,1,1,1,1,2.2200,2.2250,2.2250,2.2250,2.2200,0.0000,2.2200,2.2200,-10.2400,-10.2400,-10.2400,-10.2400,-10.2400,-10.2400,-10.2400,-10.2400
2025-06-15_05:24:21.585,1,1,1,1,2.2200,2.2250,2.2250,2.2250,2.2200,0.0000,2.2200,2.2200,-10.2400,-10.2400,-10.2400,-10.2400,-10.2400,-10.2400,-10.2400,-10.2400
2025-06-15_05:24:22.590,1,1,1,1,2.2250,2.2250,2.2250,2.2250,2.2200,0.0000,2.2200,2.2200,-10.2400,-10.2400,-10.2400,-10.2400,-10.2400,-10.2400,-10.2400,-10.2400
2025-06-15_05:24:23.593,1,1,1,1,2.2250,2.2250,2.2250,2.2250,2.2200,0.0000,2.2200,2.2200,-10.2400,-10.2400,-10.2400,-10.2400,-10.2400,-10.2400,-10.2400,-10.2400
2025-06-15_05:24:24.596,1,1,1,1,2.2250,2.2250,2.2250,2.2250,2.2200,0.0000,2.2200,2.2200,-10.2400,-10.2400,-10.2400,-10.2400,-10.2400,-10.2400,-10.2400,-10.2400
2025-06-15_05:24:25.600,1,1,1,1,2.2250,2.2250,2.2250,2.2250,2.2200,0.0000,2.2200,2.2200,-10.2400,-10.2400,-10.2400,-10.2400,-10.2400,-10.2400,-10.2400,-10.2400
2025-06-15_05:24:26.603,1,1,1,1,2.2250,2.2250,2.2250,2.2250,2.2200,0.0000,2.2200,2.2200,-10.2400,-10.2400,-10.2400,-10.2400,-10.2400,-10.2400,-10.2400,-10.2400
2025-06-15_05:24:27.608,1,1,1,1,2.2200,2.2250,2.2250,2.2250,2.2200,0.0000,2.2200,2.2200,-10.2400,-10.2400,-10.2400,-10.2400,-10.2400,-10.2400,-10.2400,-10.2400
2025-06-15_05:24:28.612,1,1,1,1,2.2250,2.2250,2.2250,2.2250,2.2200,0.0000,2.2200,2.2200,-10.2400,-10.2400,-10.2400,-10.2400,-10.2400,-10.2400,-10.2400,-10.2400
2025-06-15_05:24:29.617,1,1,1,1,2.2250,2.2250,2.2250,2.2250,2.2200,0.0000,2.2200,2.2200,-10.2400,-10.2400,-10.2400,-10.2400,-10.2400,-10.2400,-10.2400,-10.2400
2025-06-15_05:24:30.621,1,1,1,1,2.2250,2.2250,2.2250,2.2250,2.2200,0.0000,2.2200,2.2200,-10.2400,-10.2400,-10.2400,-10.2400,-10.2400,-10.2400,-10.2400,-10.2400
2025-06-15_05:24:31.625,1,1,1,1,2.2200,2.2250,2.2250,2.2250,2.2200,0.0000,2.2200,2.2200,-10.2400,-10.2400,-10.2400,-10.2400,-10.2400,-10.2400,-10.2400,-10.2400
2025-06-15_05:24:32.629,1,1,1,1,2.2250,2.2250,2.2250,2.2250,2.2200,0.0000,2.2200,2.2200,-10.2400,-10.2400,-10.2400,-10.2400,-10.2400,-10.2400,-10.2400,-10.2400
2025-06-15_05:24:33.633,1,1,1,1,2.2200,2.2250,2.2250,2.2250,2.2200,0.0000,2.2200,2.2200,-10.2400,-10.2400,-10.2400,-10.2400,-10.2400,-10.2400,-10.2400,-10.2400
2025-06-15_05:24:34.637,1,1,1,1,2.2250,2.2250,2.2250,2.2250,2.2200,0.0000,2.2200,2.2200,-10.2400,-10.2400,-10.2400,-10.2400,-10.2400,-10.2400,-10.2400,-10.2400
2025-06-15_05:24:35.641,1,1,1,1,2.2250,2.2250,2.2250,2.2250,2.2200,0.0000,2.2200,2.2200,-10.2400,-10.2400,-10.2400,-10.2400,-10.2400,-10.2400,-10.2400,-10.2400
2025-06-15_05:24:36.645,1,1,1,1,2.2250,2.2250,2.2250,2.2250,2.2200,0.0000,2.2200,2.2200,-10.2400,-10.2400,-10.2400,-10.2400,-10.2400,-10.2400,-10.2400,-10.2400
2025-06-15_05:24:37.648,1,1,1,1,2.2250,2.2250,2.2250,2.2250,2.2200,0.0000,2.2200,2.2200,-10.2400,-10.2400,-10.2400,-10.2400,-10.2400,-10.2400,-10.2400,-10.2400
2025-06-15_05:24:38.651,1,1,1,1,2.2250,2.2250,2.2250,2.2250,2.2200,0.0000,2.2200,2.2200,-10.2400,-10.2400,-10.2400,-10.2400,-10.2400,-10.2400,-10.2400,-10.2400
2025-06-15_05:24:39.655,1,1,1,1,2.2250,2.2250,2.2250,2.2250,2.2200,0.0000,2.2200,2.2200,-10.2400,-10.2400,-10.2400,-10.2400,-10.2400,-10.2400,-10.2400,-10.2400
2025-06-15_05:24:40.658,1,1,1,1,2.2250,2.2250,2.2200,2.2250,2.2200,0.0000,2.2200,2.2200,-10.2400,-10.2400,-10.2400,-10.2400,-10.2400,-10.2400,-10.2400,-10.2400
2025-06-15_05:24:41.661,1,1,1,1,2.2250,2.2250,2.2250,2.2250,2.2200,0.0000,2.2200,2.2200,-10.2400,-10.2400,-10.2400,-10.2400,-10.2400,-10.2400,-10.2400,-10.2400
2025-06-15_05:24:42.665,1,1,1,1,2.2200,2.2250,2.2250,2.2250,2.2200,0.0000,2.2200,2.2200,-10.2400,-10.2400,-10.2400,-10.2400,-10.2400,-10.2400,-10.2400,-10.2400
2025-06-15_05:24:43.668,1,1,1,1,2.2250,2.2250,2.2250,2.2250,2.2200,0.0000,2.2200,2.2200,-10.2400,-10.2400,-10.2400,-10.2400,-10.2400,-10.2400,-10.2400,-10.2400
2025-06-15_05:24:44.672,1,1,1,1,2.2200,2.2250,2.2250,2.2250,2.2200,0.0000,2.2200,2.2200,-10.2400,-10.2400,-10.2400,-10.2400,-10.2400,-10.2400,-10.2400,-10.2400
2025-06-15_05:24:45.677,1,1,1,1,2.2250,2.2250,2.2250,2.2250,2.2200,0.0000,2.2200,2.2200,-10.2400,-10.2400,-10.2400,-10.2400,-10.2400,-10.2400,-10.2400,-10.2400
2025-06-15_05:24:46.681,1,1,1,1,2.2250,2.2250,2.2250,2.2250,2.2200,0.0000,2.2200,2.2200,-10.2400,-10.2400,-10.2400,-10.2400,-10.2400,-10.2400,-10.2400,-10.2400
2025-06-15_05:24:47.686,1,1,1,1,2.2200,2.2250,2.2250,2.2250,2.2200,0.0000,2.2200,2.2200,-10.2400,-10.2400,-10.2400,-10.2400,-10.2400,-10.2400,-10.2400,-10.2400
2025-06-15_05:24:48.691,1,1,1,1,2.2200,2.2250,2.2250,2.2250,2.2200,0.0000,2.2200,2.2200,-10.2400,-10.2400,-10.2400,-10.2400,-10.2400,-10.2400,-10.2400,-10.2400
2025-06-15_05:24:49.696,1,1,1,1,2.2200,2.2250,2.2250,2.2250,2.2200,0.0000,2.2200,2.2200,-10.2400,-10.2400,-10.2400,-10.2400,-10.2400,-10.2400,-10.2400,-10.2400
2025-06-15_05:24:50.701,1,1,1,1,2.2200,2.2250,2.2250,2.2250,2.2200,0.0000,2.2200,2.2200,-10.2400,-10.2400,-10.2400,-10.2400,-10.2400,-10.2400,-10.2400,-10.2400
2025-06-15_05:24:51.705,1,1,1,1,2.2250,2.2250,2.2250,2.2250,2.2200,0.0000,2.2200,2.2200,-10.2400,-10.2400,-10.2400,-10.2400,-10.2400,-10.2400,-10.2400,-10.2400
2025-06-15_05:24:52.711,1,1,1,1,2.2200,2.2250,2.2250,2.2250,2.2200,0.0000,2.2200,2.2200,-10.2400,-10.2400,-10.2400,-10.2400,-10.2400,-10.2400,-10.2400,-10.2400
2025-06-15_05:24:53.715,1,1,1,1,2.2200,2.2250,2.2250,2.2250,2.2200,0.0000,2.2200,2.2200,-10.2400,-10.2400,-10.2400,-10.2400,-10.2400,-10.2400,-10.2400,-10.2400
2025-06-15_05:24:54.720,1,1,1,1,2.2250,2.2250,2.2250,2.2250,2.2200,0.0000,2.2200,2.2200,-10.2400,-10.2400,-10.2400,-10.2400,-10.2400,-10.2400,-10.2400,-10.2400
2025-06-15_05:24:55.724,1,1,1,1,2.2250,2.2250,2.2250,2.2250,2.2200,0.0000,2.2200,2.2200,-10.2400,-10.2400,-10.2400,-10.2400,-10.2400,-10.2400,-10.2400,-10.2400
2025-06-15_05:24:56.729,1,1,1,1,2.2250,2.2250,2.2250,2.2250,2.2200,0.0000,2.2200,2.2200,-10.2400,-10.2400,-10.2400,-10.2400,-10.2400,-10.2400,-10.2400,-10.2400
2025-06-15_05:24:57.733,1,1,1,1,2.2250,2.2250,2.2250,2.2250,2.2200,0.0000,2.2200,2.2200,-10.2400,-10.2400,-10.2400,-10.2400,-10.2400,-10.2400,-10.2400,-10.2400
2025-06-15_05:24:58.742,1,1,1,1,2.2250,2.2250,2.2250,2.2250,2.2200,0.0000,2.2200,2.2200,-10.2400,-10.2400,-10.2400,-10.2400,-10.2400,-10.2400,-10.2400,-10.2400
2025-06-15_05:24:59.745,1,1,1,1,2.2250,2.2250,2.2250,2.2250,2.2200,0.0000,2.2200,2.2200,-10.2400,-10.2400,-10.2400,-10.2400,-10.2400,-10.2400,-10.2400,-10.2400
2025-06-15_05:25:00.749,1,1,1,1,2.2200,2.2250,2.2250,2.2250,2.2200,0.0000,2.2200,2.2200,-10.2400,-10.2400,-10.2400,-10.2400,-10.2400,-10.2400,-10.2400,-10.2400
2025-06-15_05:25:01.753,1,1,1,1,2.2250,2.2250,2.2250,2.2250,2.2200,0.0000,2.2200,2.2200,-10.2400,-10.2400,-10.2400,-10.2400,-10.2400,-10.2400,-10.2400,-10.2400
2025-06-15_05:25:02.757,1,1,1,1,2.2250,2.2250,2.2250,2.2250,2.2200,0.0000,2.2200,2.2200,-10.2400,-10.2400,-10.2400,-10.2400,-10.2400,-10.2400,-10.2400,-10.2400
2025-06-15_05:25:03.760,1,1,1,1,2.2200,2.2250,2.2250,2.2250,2.2200,0.0000,2.2200,2.2200,-10.2400,-10.2400,-10.2400,-10.2400,-10.2400,-10.2400,-10.2400,-10.2400
2025-06-15_05:25:04.765,1,1,1,1,2.2250,2.2250,2.2250,2.2250,2.2200,0.0000,2.2200,2.2200,-10.2400,-10.2400,-10.2400,-10.2400,-10.2400,-10.2400,-10.2400,-10.2400
2025-06-15_05:25:05.769,1,1,1,1,2.2250,2.2250,2.2250,2.2250,2.2200,0.0000,2.2200,2.2200,-10.2400,-10.2400,-10.2400,-10.2400,-10.2400,-10.2400,-10.2400,-10.2400
2025-06-15_05:25:06.774,1,1,1,1,2.2250,2.2250,2.2250,2.2250,2.2200,0.0000,2.2200,2.2200,-10.2400,-10.2400,-10.2400,-10.2400,-10.2400,-10.2400,-10.2400,-10.2400
2025-06-15_05:25:07.777,1,1,1,1,2.2200,2.2250,2.2250,2.2250,2.2200,0.0000,2.2200,2.2200,-10.2400,-10.2400,-10.2400,-10.2400,-10.2400,-10.2400,-10.2400,-10.2400
2025-06-15_05:25:08.782,1,1,1,1,2.2250,2.2250,2.2250,2.2250,2.2200,0.0000,2.2200,2.2200,-10.2400,-10.2400,-10.2400,-10.2400,-10.2400,-10.2400,-10.2400,-10.2400
2025-06-15_05:25:09.787,1,1,1,1,2.2250,2.2250,2.2250,2.2250,2.2200,0.0000,2.2200,2.2200,-10.2400,-10.2400,-10.2400,-10.2400,-10.2400,-10.2400,-10.2400,-10.2400
2025-06-15_05:25:10.791,1,1,1,1,2.2250,2.2250,2.2250,2.2250,2.2200,0.0000,2.2200,2.2200,-10.2400,-10.2400,-10.2400,-10.2400,-10.2400,-10.2400,-10.2400,-10.2400
2025-06-15_05:25:11.795,1,1,1,1,2.2200,2.2250,2.2250,2.2250,2.2200,0.0000,2.2200,2.2200,-10.2400,-10.2400,-10.2400,-10.2400,-10.2400,-10.2400,-10.2400,-10.2400
2025-06-15_05:25:12.799,1,1,1,1,2.2250,2.2250,2.2250,2.2250,2.2200,0.0000,2.2200,2.2200,-10.2400,-10.2400,-10.2400,-10.2400,-10.2400,-10.2400,-10.2400,-10.2400
2025-06-15_05:25:13.802,1,1,1,1,2.2250,2.2250,2.2250,2.2250,2.2200,0.0000,2.2200,2.2200,-10.2400,-10.2400,-10.2400,-10.2400,-10.2400,-10.2400,-10.2400,-10.2400
2025-06-15_05:25:14.805,1,1,1,1,2.2250,2.2250,2.2250,2.2250,2.2200,0.0000,2.2200,2.2200,-10.2400,-10.2400,-10.2400,-10.2400,-10.2400,-10.2400,-10.2400,-10.2400
2025-06-15_05:25:15.808,1,1,1,1,2.2250,2.2250,2.2250,2.2250,2.2200,-0.0050,2.2200,2.2200,-10.2400,-10.2400,-10.2400,-10.2400,-10.2400,-10.2400,-10.2400,-10.2400
2025-06-15_05:25:16.812,1,1,1,1,2.2250,2.2250,2.2250,2.2250,2.2200,0.0000,2.2200,2.2200,-10.2400,-10.2400,-10.2400,-10.2400,-10.2400,-10.2400,-10.2400,-10.2400
2025-06-15_05:25:17.815,1,1,1,1,2.2250,2.2250,2.2250,2.2250,2.2200,0.0000,2.2200,2.2200,-10.2400,-10.2400,-10.2400,-10.2400,-10.2400,-10.2400,-10.2400,-10.2400
2025-06-15_05:25:18.819,1,1,1,1,2.2250,2.2250,2.2250,2.2250,2.2200,0.0000,2.2200,2.2200,-10.2400,-10.2400,-10.2400,-10.2400,-10.2400,-10.2400,-10.2400,-10.2400
2025-06-15_05:25:19.823,1,1,1,1,2.2200,2.2250,2.2250,2.2250,2.2200,0.0000,2.2200,2.2200,-10.2400,-10.2400,-10.2400,-10.2400,-10.2400,-10.2400,-10.2400,-10.2400
2025-06-15_05:25:20.828,1,1,1,1,2.2200,2.2250,2.2250,2.2250,2.2200,0.0000,2.2200,2.2200,-10.2400,-10.2400,-10.2400,-10.2400,-10.2400,-10.2400,-10.2400,-10.2400
2025-06-15_05:25:21.832,1,1,1,1,2.2250,2.2250,2.2250,2.2250,2.2200,0.0000,2.2200,2.2200,-10.2400,-10.2400,-10.2400,-10.2400,-10.2400,-10.2400,-10.2400,-10.2400
2025-06-15_05:25:22.836,1,1,1,1,2.2250,2.2250,2.2250,2.2250,2.2200,0.0000,2.2200,2.2200,-10.2400,-10.2400,-10.2400,-10.2400,-10.2400,-10.2400,-10.2400,-10.2400
2025-06-15_05:25:23.840,1,1,1,1,2.2200,2.2250,2.2250,2.2250,2.2200,0.0000,2.2200,2.2200,-10.2400,-10.2400,-10.2400,-10.2400,-10.2400,-10.2400,-10.2400,-10.2400
2025-06-15_05:25:24.845,1,1,1,1,2.2200,2.2250,2.2250,2.2250,2.2200,0.0000,2.2200,2.2200,-10.2400,-10.2400,-10.2400,-10.2400,-10.2400,-10.2400,-10.2400,-10.2400
2025-06-15_05:25:25.849,1,1,1,1,2.2250,2.2250,2.2200,2.2250,2.2200,0.0000,2.2200,2.2200,-10.2400,-10.2400,-10.2400,-10.2400,-10.2400,-10.2400,-10.2400,-10.2400
2025-06-15_05:25:26.852,1,1,1,1,2.2250,2.2250,2.2250,2.2250,2.2200,0.0000,2.2200,2.2200,-10.2400,-10.2400,-10.2400,-10.2400,-10.2400,-10.2400,-10.2400,-10.2400
2025-06-15_05:25:27.855,1,1,1,1,2.2250,2.2250,2.2250,2.2250,2.2200,0.0000,2.2200,2.2200,-10.2400,-10.2400,-10.2400,-10.2400,-10.2400,-10.2400,-10.2400,-10.2400
2025-06-15_05:25:28.865,1,1,1,1,2.2250,2.2250,2.2250,2.2250,2.2200,0.0000,2.2200,2.2200,-10.2400,-10.2400,-10.2400,-10.2400,-10.2400,-10.2400,-10.2400,-10.2400
2025-06-15_05:25:29.868,1,1,1,1,2.2250,2.2250,2.2250,2.2250,2.2200,0.0000,2.2200,2.2200,-10.2400,-10.2400,-10.2400,-10.2400,-10.2400,-10.2400,-10.2400,-10.2400
2025-06-15_05:25:30.872,1,1,1,1,2.2250,2.2250,2.2250,2.2250,2.2200,0.0000,2.2200,2.2200,-10.2400,-10.2400,-10.2400,-10.2400,-10.2400,-10.2400,-10.2400,-10.2400
2025-06-15_05:25:31.876,1,1,1,1,2.2200,2.2250,2.2250,2.2250,2.2200,0.0000,2.2200,2.2200,-10.2400,-10.2400,-10.2400,-10.2400,-10.2400,-10.2400,-10.2400,-10.2400
2025-06-15_05:25:32.880,1,1,1,1,2.2200,2.2250,2.2250,2.2250,2.2200,0.0000,2.2200,2.2200,-10.2400,-10.2400,-10.2400,-10.2400,-10.2400,-10.2400,-10.2400,-10.2400
2025-06-15_05:25:33.884,1,1,1,1,2.2250,2.2250,2.2250,2.2250,2.2200,0.0000,2.2200,2.2200,-10.2400,-10.2400,-10.2400,-10.2400,-10.2400,-10.2400,-10.2400,-10.2400
2025-06-15_05:25:34.889,1,1,1,1,2.2200,2.2250,2.2250,2.2250,2.2200,0.0000,2.2200,2.2200,-10.2400,-10.2400,-10.2400,-10.2400,-10.2400,-10.2400,-10.2400,-10.2400
2025-06-15_05:25:35.893,1,1,1,1,2.2250,2.2250,2.2250,2.2250,2.2200,0.0000,2.2200,2.2200,-10.2400,-10.2400,-10.2400,-10.2400,-10.2400,-10.2400,-10.2400,-10.2400
2025-06-15_05:25:36.898,1,1,1,1,2.2250,2.2250,2.2250,2.2250,2.2200,0.0000,2.2200,2.2200,-10.2400,-10.2400,-10.2400,-10.2400,-10.2400,-10.2400,-10.2400,-10.2400
2025-06-15_05:25:37.903,1,1,1,1,2.2250,2.2250,2.2250,2.2250,2.2200,0.0000,2.2200,2.2200,-10.2400,-10.2400,-10.2400,-10.2400,-10.2400,-10.2400,-10.2400,-10.2400
2025-06-15_05:25:38.908,1,1,1,1,2.2250,2.2250,2.2250,2.2250,2.2200,0.0000,2.2200,2.2200,-10.2400,-10.2400,-10.2400,-10.2400,-10.2400,-10.2400,-10.2400,-10.2400
2025-06-15_05:25:39.912,1,1,1,1,2.2250,2.2250,2.2250,2.2250,2.2200,0.0000,2.2200,2.2200,-10.2400,-10.2400,-10.2400,-10.2400,-10.2400,-10.2400,-10.2400,-10.2400
2025-06-15_05:25:40.916,1,1,1,1,2.2250,2.2250,2.2250,2.2250,2.2200,0.0000,2.2200,2.2200,-10.2400,-10.2400,-10.2400,-10.2400,-10.2400,-10.2400,-10.2400,-10.2400
2025-06-15_05:25:41.920,1,1,1,1,2.2200,2.2250,2.2250,2.2250,2.2200,0.0000,2.2200,2.2200,-10.2400,-10.2400,-10.2400,-10.2400,-10.2400,-10.2400,-10.2400,-10.2400
2025-06-15_05:25:42.924,1,1,1,1,2.2250,2.2250,2.2250,2.2250,2.2200,0.0000,2.2200,2.2200,-10.2400,-10.2400,-10.2400,-10.2400,-10.2400,-10.2400,-10.2400,-10.2400
2025-06-15_05:25:43.928,1,1,1,1,2.2250,2.2250,2.2250,2.2250,2.2200,0.0000,2.2200,2.2200,-10.2400,-10.2400,-10.2400,-10.2400,-10.2400,-10.2400,-10.2400,-10.2400
2025-06-15_05:25:44.932,1,1,1,1,2.2200,2.2250,2.2250,2.2250,2.2200,0.0000,2.2200,2.2200,-10.2400,-10.2400,-10.2400,-10.2400,-10.2400,-10.2400,-10.2400,-10.2400
2025-06-15_05:25:45.935,1,1,1,1,2.2200,2.2250,2.2250,2.2250,2.2200,0.0000,2.2200,2.2200,-10.2400,-10.2400,-10.2400,-10.2400,-10.2400,-10.2400,-10.2400,-10.2400
2025-06-15_05:25:46.940,1,1,1,1,2.2250,2.2250,2.2250,2.2250,2.2200,0.0000,2.2200,2.2200,-10.2400,-10.2400,-10.2400,-10.2400,-10.2400,-10.2400,-10.2400,-10.2400
2025-06-15_05:25:47.945,1,1,1,1,2.2200,2.2250,2.2250,2.2250,2.2200,0.0000,2.2200,2.2200,-10.2400,-10.2400,-10.2400,-10.2400,-10.2400,-10.2400,-10.2400,-10.2400
2025-06-15_05:25:48.951,1,1,1,1,2.2250,2.2250,2.2250,2.2250,2.2200,0.0000,2.2200,2.2200,-10.2400,-10.2400,-10.2400,-10.2400,-10.2400,-10.2400,-10.2400,-10.2400
2025-06-15_05:25:49.956,1,1,1,1,2.2250,2.2250,2.2250,2.2250,2.2200,0.0000,2.2200,2.2200,-10.2400,-10.2400,-10.2400,-10.2400,-10.2400,-10.2400,-10.2400,-10.2400
2025-06-15_05:25:50.960,1,1,1,1,2.2200,2.2250,2.2250,2.2250,2.2200,0.0000,2.2200,2.2200,-10.2400,-10.2400,-10.2400,-10.2400,-10.2400,-10.2400,-10.2400,-10.2400
2025-06-15_05:25:51.965,1,1,1,1,2.2250,2.2250,2.2250,2.2250,2.2200,0.0000,2.2200,2.2200,-10.2400,-10.2400,-10.2400,-10.2400,-10.2400,-10.2400,-10.2400,-10.2400
2025-06-15_05:25:52.968,1,1,1,1,2.2200,2.2250,2.2250,2.2250,2.2200,0.0000,2.2200,2.2200,-10.2400,-10.2400,-10.2400,-10.2400,-10.2400,-10.2400,-10.2400,-10.2400
2025-06-15_05:25:53.972,1,1,1,1,2.2200,2.2250,2.2250,2.2250,2.2200,0.0000,2.2200,2.2200,-10.2400,-10.2400,-10.2400,-10.2400,-10.2400,-10.2400,-10.2400,-10.2400
2025-06-15_05:25:54.977,1,1,1,1,2.2200,2.2250,2.2250,2.2250,2.2200,0.0000,2.2200,2.2200,-10.2400,-10.2400,-10.2400,-10.2400,-10.2400,-10.2400,-10.2400,-10.2400
2025-06-15_05:25:55.982,1,1,1,1,2.2200,2.2250,2.2250,2.2250,2.2200,0.0000,2.2200,2.2200,-10.2400,-10.2400,-10.2400,-10.2400,-10.2400,-10.2400,-10.2400,-10.2400
2025-06-15_05:25:56.987,1,1,1,1,2.2250,2.2250,2.2250,2.2250,2.2200,0.0000,2.2200,2.2200,-10.2400,-10.2400,-10.2400,-10.2400,-10.2400,-10.2400,-10.2400,-10.2400
2025-06-15_05:25:57.991,1,1,1,1,2.2250,2.2250,2.2250,2.2250,2.2200,0.0000,2.2200,2.2200,-10.2400,-10.2400,-10.2400,-10.2400,-10.2400,-10.2400,-10.2400,-10.2400
2025-06-15_05:25:58.998,1,1,1,1,2.2250,2.2250,2.2250,2.2250,2.2200,0.0000,2.2200,2.2200,-10.2400,-10.2400,-10.2400,-10.2400,-10.2400,-10.2400,-10.2400,-10.2400
2025-06-15_05:26:00.002,1,1,1,1,2.2250,2.2250,2.2250,2.2250,2.2200,0.0000,2.2200,2.2200,-10.2400,-10.2400,-10.2400,-10.2400,-10.2400,-10.2400,-10.2400,-10.2400
2025-06-15_05:26:01.007,1,1,1,1,2.2250,2.2250,2.2250,2.2250,2.2200,0.0000,2.2200,2.2200,-10.2400,-10.2400,-10.2400,-10.2400,-10.2400,-10.2400,-10.2400,-10.2400
2025-06-15_05:26:02.010,1,1,1,1,2.2250,2.2250,2.2250,2.2250,2.2200,0.0000,2.2200,2.2200,-10.2400,-10.2400,-10.2400,-10.2400,-10.2400,-10.2400,-10.2400,-10.2400
2025-06-15_05:26:03.014,1,1,1,1,2.2250,2.2250,2.2250,2.2250,2.2200,0.0000,2.2200,2.2200,-10.2400,-10.2400,-10.2400,-10.2400,-10.2400,-10.2400,-10.2400,-10.2400
2025-06-15_05:26:04.017,1,1,1,1,2.2250,2.2250,2.2250,2.2250,2.2200,0.0000,2.2200,2.2200,-10.2400,-10.2400,-10.2400,-10.2400,-10.2400,-10.2400,-10.2400,-10.2400
2025-06-15_05:26:05.020,1,1,1,1,2.2250,2.2250,2.2250,2.2250,2.2200,0.0000,2.2200,2.2200,-10.2400,-10.2400,-10.2400,-10.2400,-10.2400,-10.2400,-10.2400,-10.2400
2025-06-15_05:26:06.024,1,1,1,1,2.2200,2.2250,2.2250,2.2250,2.2200,0.0000,2.2200,2.2200,-10.2400,-10.2400,-10.2400,-10.2400,-10.2400,-10.2400,-10.2400,-10.2400
2025-06-15_05:26:07.029,1,1,1,1,2.2200,2.2250,2.2250,2.2250,2.2200,0.0000,2.2200,2.2200,-10.2400,-10.2400,-10.2400,-10.2400,-10.2400,-10.2400,-10.2400,-10.2400
2025-06-15_05:26:08.033,1,1,1,1,2.2200,2.2250,2.2250,2.2250,2.2200,0.0000,2.2200,2.2200,-10.2400,-10.2400,-10.2400,-10.2400,-10.2400,-10.2400,-10.2400,-10.2400
2025-06-15_05:26:09.039,1,1,1,1,2.2200,2.2250,2.2250,2.2250,2.2200,0.0000,2.2200,2.2200,-10.2400,-10.2400,-10.2400,-10.2400,-10.2400,-10.2400,-10.2400,-10.2400
2025-06-15_05:26:10.043,1,1,1,1,2.2200,2.2250,2.2250,2.2250,2.2200,0.0000,2.2200,2.2200,-10.2400,-10.2400,-10.2400,-10.2400,-10.2400,-10.2400,-10.2400,-10.2400
2025-06-15_05:26:11.048,1,1,1,1,2.2250,2.2250,2.2250,2.2250,2.2200,0.0000,2.2200,2.2200,-10.2400,-10.2400,-10.2400,-10.2400,-10.2400,-10.2400,-10.2400,-10.2400
2025-06-15_05:26:12.053,1,1,1,1,2.2250,2.2250,2.2250,2.2250,2.2200,0.0000,2.2200,2.2200,-10.2400,-10.2400,-10.2400,-10.2400,-10.2400,-10.2400,-10.2400,-10.2400
2025-06-15_05:26:13.057,1,1,1,1,2.2250,2.2250,2.2200,2.2250,2.2200,0.0000,2.2200,2.2200,-10.2400,-10.2400,-10.2400,-10.2400,-10.2400,-10.2400,-10.2400,-10.2400
2025-06-15_05:26:14.061,1,1,1,1,2.2250,2.2250,2.2250,2.2250,2.2200,0.0000,2.2200,2.2200,-10.2400,-10.2400,-10.2400,-10.2400,-10.2400,-10.2400,-10.2400,-10.2400
2025-06-15_05:26:15.064,1,1,1,1,2.2250,2.2250,2.2250,2.2250,2.2200,0.0000,2.2200,2.2200,-10.2400,-10.2400,-10.2400,-10.2400,-10.2400,-10.2400,-10.2400,-10.2400
2025-06-15_05:26:16.068,1,1,1,1,2.2250,2.2250,2.2250,2.2250,2.2200,0.0000,2.2200,2.2200,-10.2400,-10.2400,-10.2400,-10.2400,-10.2400,-10.2400,-10.2400,-10.2400
2025-06-15_05:26:17.072,1,1,1,1,2.2250,2.2250,2.2250,2.2250,2.2200,0.0000,2.2200,2.2200,-10.2400,-10.2400,-10.2400,-10.2400,-10.2400,-10.2400,-10.2400,-10.2400
2025-06-15_05:26:18.075,1,1,1,1,2.2250,2.2250,2.2250,2.2250,2.2200,0.0000,2.2200,2.2200,-10.2400,-10.2400,-10.2400,-10.2400,-10.2400,-10.2400,-10.2400,-10.2400
2025-06-15_05:26:19.078,1,1,1,1,2.2250,2.2250,2.2250,2.2250,2.2200,0.0000,2.2200,2.2200,-10.2400,-10.2400,-10.2400,-10.2400,-10.2400,-10.2400,-10.2400,-10.2400
2025-06-15_05:26:20.081,1,1,1,1,2.2250,2.2250,2.2250,2.2250,2.2200,0.0000,2.2200,2.2200,-10.2400,-10.2400,-10.2400,-10.2400,-10.2400,-10.2400,-10.2400,-10.2400
2025-06-15_05:26:21.086,1,1,1,1,2.2200,2.2250,2.2250,2.2250,2.2200,0.0000,2.2200,2.2200,-10.2400,-10.2400,-10.2400,-10.2400,-10.2400,-10.2400,-10.2400,-10.2400
2025-06-15_05:26:22.090,1,1,1,1,2.2200,2.2250,2.2250,2.2250,2.2200,0.0000,2.2200,2.2200,-10.2400,-10.2400,-10.2400,-10.2400,-10.2400,-10.2400,-10.2400,-10.2400
2025-06-15_05:26:23.094,1,1,1,1,2.2250,2.2250,2.2250,2.2250,2.2200,0.0000,2.2200,2.2200,-10.2400,-10.2400,-10.2400,-10.2400,-10.2400,-10.2400,-10.2400,-10.2400
2025-06-15_05:26:24.098,1,1,1,1,2.2200,2.2250,2.2250,2.2250,2.2200,0.0000,2.2200,2.2200,-10.2400,-10.2400,-10.2400,-10.2400,-10.2400,-10.2400,-10.2400,-10.2400
2025-06-15_05:26:25.104,1,1,1,1,2.2200,2.2250,2.2250,2.2250,2.2200,0.0000,2.2200,2.2200,-10.2400,-10.2400,-10.2400,-10.2400,-10.2400,-10.2400,-10.2400,-10.2400
2025-06-15_05:26:26.107,1,1,1,1,2.2250,2.2250,2.2250,2.2250,2.2200,0.0000,2.2200,2.2200,-10.2400,-10.2400,-10.2400,-10.2400,-10.2400,-10.2400,-10.2400,-10.2400
2025-06-15_05:26:27.112,1,1,1,1,2.2250,2.2250,2.2250,2.2250,2.2200,0.0000,2.2200,2.2200,-10.2400,-10.2400,-10.2400,-10.2400,-10.2400,-10.2400,-10.2400,-10.2400
2025-06-15_05:26:28.116,1,1,1,1,2.2200,2.2250,2.2250,2.2250,2.2200,0.0000,2.2200,2.2200,-10.2400,-10.2400,-10.2400,-10.2400,-10.2400,-10.2400,-10.2400,-10.2400
2025-06-15_05:26:29.120,1,1,1,1,2.2200,2.2250,2.2250,2.2250,2.2200,0.0000,2.2200,2.2200,-10.2400,-10.2400,-10.2400,-10.2400,-10.2400,-10.2400,-10.2400,-10.2400
2025-06-15_05:26:30.124,1,1,1,1,2.2200,2.2250,2.2250,2.2250,2.2200,0.0000,2.2200,2.2200,-10.2400,-10.2400,-10.2400,-10.2400,-10.2400,-10.2400,-10.2400,-10.2400
2025-06-15_05:26:31.129,1,1,1,1,2.2250,2.2250,2.2250,2.2250,2.2200,0.0000,2.2200,2.2200,-10.2400,-10.2400,-10.2400,-10.2400,-10.2400,-10.2400,-10.2400,-10.2400
2025-06-15_05:26:32.134,1,1,1,1,2.2250,2.2250,2.2250,2.2250,2.2200,0.0000,2.2200,2.2200,-10.2400,-10.2400,-10.2400,-10.2400,-10.2400,-10.2400,-10.2400,-10.2400
2025-06-15_05:26:33.139,1,1,1,1,2.2250,2.2250,2.2250,2.2250,2.2200,0.0000,2.2200,2.2200,-10.2400,-10.2400,-10.2400,-10.2400,-10.2400,-10.2400,-10.2400,-10.2400
2025-06-15_05:26:34.145,1,1,1,1,2.2200,2.2250,2.2250,2.2250,2.2200,0.0000,2.2200,2.2200,-10.2400,-10.2400,-10.2400,-10.2400,-10.2400,-10.2400,-10.2400,-10.2400
2025-06-15_05:26:35.148,1,1,1,1,2.2200,2.2250,2.2250,2.2250,2.2200,0.0000,2.2200,2.2200,-10.2400,-10.2400,-10.2400,-10.2400,-10.2400,-10.2400,-10.2400,-10.2400
2025-06-15_05:26:36.152,1,1,1,1,2.2250,2.2250,2.2250,2.2250,2.2200,0.0000,2.2200,2.2200,-10.2400,-10.2400,-10.2400,-10.2400,-10.2400,-10.2400,-10.2400,-10.2400
2025-06-15_05:26:37.156,1,1,1,1,2.2250,2.2250,2.2250,2.2250,2.2200,0.0000,2.2200,2.2200,-10.2400,-10.2400,-10.2400,-10.2400,-10.2400,-10.2400,-10.2400,-10.2400
2025-06-15_05:26:38.162,1,1,1,1,2.2200,2.2250,2.2250,2.2250,2.2200,0.0000,2.2200,2.2200,-10.2400,-10.2400,-10.2400,-10.2400,-10.2400,-10.2400,-10.2400,-10.2400
2025-06-15_05:26:39.165,1,1,1,1,2.2200,2.2250,2.2250,2.2250,2.2200,0.0000,2.2200,2.2200,-10.2400,-10.2400,-10.2400,-10.2400,-10.2400,-10.2400,-10.2400,-10.2400
2025-06-15_05:26:40.170,1,1,1,1,2.2200,2.2250,2.2250,2.2250,2.2200,0.0000,2.2200,2.2200,-10.2400,-10.2400,-10.2400,-10.2400,-10.2400,-10.2400,-10.2400,-10.2400
2025-06-15_05:26:41.175,1,1,1,1,2.2250,2.2250,2.2250,2.2250,2.2200,0.0000,2.2200,2.2200,-10.2400,-10.2400,-10.2400,-10.2400,-10.2400,-10.2400,-10.2400,-10.2400
2025-06-15_05:26:42.179,1,1,1,1,2.2250,2.2250,2.2250,2.2250,2.2200,0.0000,2.2200,2.2200,-10.2400,-10.2400,-10.2400,-10.2400,-10.2400,-10.2400,-10.2400,-10.2400
2025-06-15_05:26:43.184,1,1,1,1,2.2200,2.2250,2.2250,2.2250,2.2200,0.0000,2.2200,2.2200,-10.2400,-10.2400,-10.2400,-10.2400,-10.2400,-10.2400,-10.2400,-10.2400
2025-06-15_05:26:44.188,1,1,1,1,2.2200,2.2250,2.2250,2.2250,2.2200,0.0000,2.2200,2.2200,-10.2400,-10.2400,-10.2400,-10.2400,-10.2400,-10.2400,-10.2400,-10.2400
2025-06-15_05:26:45.192,1,1,1,1,2.2250,2.2250,2.2250,2.2250,2.2200,0.0000,2.2200,2.2200,-10.2400,-10.2400,-10.2400,-10.2400,-10.2400,-10.2400,-10.2400,-10.2400
2025-06-15_05:26:46.196,1,1,1,1,2.2200,2.2250,2.2250,2.2250,2.2200,0.0000,2.2200,2.2200,-10.2400,-10.2400,-10.2400,-10.2400,-10.2400,-10.2400,-10.2400,-10.2400
2025-06-15_05:26:47.200,1,1,1,1,2.2250,2.2250,2.2250,2.2250,2.2200,0.0000,2.2200,2.2200,-10.2400,-10.2400,-10.2400,-10.2400,-10.2400,-10.2400,-10.2400,-10.2400
2025-06-15_05:26:48.204,1,1,1,1,2.2250,2.2250,2.2250,2.2250,2.2200,0.0000,2.2200,2.2200,-10.2400,-10.2400,-10.2400,-10.2400,-10.2400,-10.2400,-10.2400,-10.2400
2025-06-15_05:26:49.208,1,1,1,1,2.2250,2.2250,2.2250,2.2250,2.2200,0.0000,2.2200,2.2200,-10.2400,-10.2400,-10.2400,-10.2400,-10.2400,-10.2400,-10.2400,-10.2400
2025-06-15_05:26:50.212,1,1,1,1,2.2250,2.2250,2.2250,2.2250,2.2200,0.0000,2.2200,2.2200,-10.2400,-10.2400,-10.2400,-10.2400,-10.2400,-10.2400,-10.2400,-10.2400
2025-06-15_05:26:51.216,1,1,1,1,2.2250,2.2250,2.2250,2.2250,2.2200,0.0000,2.2200,2.2200,-10.2400,-10.2400,-10.2400,-10.2400,-10.2400,-10.2400,-10.2400,-10.2400
2025-06-15_05:26:52.220,1,1,1,1,2.2250,2.2250,2.2250,2.2250,2.2200,0.0000,2.2200,2.2200,-10.2400,-10.2400,-10.2400,-10.2400,-10.2400,-10.2400,-10.2400,-10.2400
2025-06-15_05:26:53.224,1,1,1,1,2.2250,2.2250,2.2250,2.2250,2.2200,0.0000,2.2200,2.2200,-10.2400,-10.2400,-10.2400,-10.2400,-10.2400,-10.2400,-10.2400,-10.2400
2025-06-15_05:26:54.227,1,1,1,1,2.2250,2.2250,2.2250,2.2250,2.2200,0.0000,2.2200,2.2200,-10.2400,-10.2400,-10.2400,-10.2400,-10.2400,-10.2400,-10.2400,-10.2400
2025-06-15_05:26:55.231,1,1,1,1,2.2200,2.2250,2.2250,2.2250,2.2200,0.0000,2.2200,2.2200,-10.2400,-10.2400,-10.2400,-10.2400,-10.2400,-10.2400,-10.2400,-10.2400
2025-06-15_05:26:56.236,1,1,1,1,2.2250,2.2250,2.2250,2.2250,2.2200,0.0000,2.2200,2.2200,-10.2400,-10.2400,-10.2400,-10.2400,-10.2400,-10.2400,-10.2400,-10.2400
2025-06-15_05:26:57.239,1,1,1,1,2.2250,2.2250,2.2250,2.2250,2.2200,0.0000,2.2200,2.2200,-10.2400,-10.2400,-10.2400,-10.2400,-10.2400,-10.2400,-10.2400,-10.2400
2025-06-15_05:26:58.244,1,1,1,1,2.2250,2.2250,2.2250,2.2250,2.2200,0.0000,2.2200,2.2200,-10.2400,-10.2400,-10.2400,-10.2400,-10.2400,-10.2400,-10.2400,-10.2400
2025-06-15_05:26:59.250,1,1,1,1,2.2250,2.2250,2.2250,2.2250,2.2200,0.0000,2.2200,2.2200,-10.2400,-10.2400,-10.2400,-10.2400,-10.2400,-10.2400,-10.2400,-10.2400
2025-06-15_05:27:00.253,1,1,1,1,2.2250,2.2250,2.2250,2.2250,2.2200,0.0000,2.2200,2.2200,-10.2400,-10.2400,-10.2400,-10.2400,-10.2400,-10.2400,-10.2400,-10.2400
2025-06-15_05:27:01.258,1,1,1,1,2.2250,2.2250,2.2250,2.2250,2.2200,0.0000,2.2200,2.2200,-10.2400,-10.2400,-10.2400,-10.2400,-10.2400,-10.2400,-10.2400,-10.2400
2025-06-15_05:27:02.263,1,1,1,1,2.2200,2.2250,2.2250,2.2250,2.2200,0.0000,2.2200,2.2200,-10.2400,-10.2400,-10.2400,-10.2400,-10.2400,-10.2400,-10.2400,-10.2400
2025-06-15_05:27:03.267,1,1,1,1,2.2250,2.2250,2.2250,2.2250,2.2200,0.0000,2.2200,2.2200,-10.2400,-10.2400,-10.2400,-10.2400,-10.2400,-10.2400,-10.2400,-10.2400
2025-06-15_05:27:04.272,1,1,1,1,2.2250,2.2250,2.2250,2.2250,2.2200,0.0000,2.2200,2.2200,-10.2400,-10.2400,-10.2400,-10.2400,-10.2400,-10.2400,-10.2400,-10.2400
2025-06-15_05:27:05.276,1,1,1,1,2.2250,2.2250,2.2250,2.2250,2.2200,0.0000,2.2200,2.2200,-10.2400,-10.2400,-10.2400,-10.2400,-10.2400,-10.2400,-10.2400,-10.2400
2025-06-15_05:27:06.281,1,1,1,1,2.2250,2.2250,2.2250,2.2250,2.2200,0.0000,2.2200,2.2200,-10.2400,-10.2400,-10.2400,-10.2400,-10.2400,-10.2400,-10.2400,-10.2400
2025-06-15_05:27:07.286,1,1,1,1,2.2250,2.2250,2.2250,2.2250,2.2200,0.0000,2.2200,2.2200,-10.2400,-10.2400,-10.2400,-10.2400,-10.2400,-10.2400,-10.2400,-10.2400
2025-06-15_05:27:08.292,1,1,1,1,2.2250,2.2250,2.2250,2.2250,2.2200,0.0000,2.2200,2.2200,-10.2400,-10.2400,-10.2400,-10.2400,-10.2400,-10.2400,-10.2400,-10.2400
2025-06-15_05:27:09.296,1,1,1,1,2.2250,2.2250,2.2250,2.2250,2.2200,0.0000,2.2200,2.2200,-10.2400,-10.2400,-10.2400,-10.2400,-10.2400,-10.2400,-10.2400,-10.2400
2025-06-15_05:27:10.300,1,1,1,1,2.2250,2.2250,2.2250,2.2250,2.2200,0.0000,2.2200,2.2200,-10.2400,-10.2400,-10.2400,-10.2400,-10.2400,-10.2400,-10.2400,-10.2400
2025-06-15_05:27:11.304,1,1,1,1,2.2250,2.2250,2.2250,2.2250,2.2200,0.0000,2.2200,2.2200,-10.2400,-10.2400,-10.2400,-10.2400,-10.2400,-10.2400,-10.2400,-10.2400
2025-06-15_05:27:12.307,1,1,1,1,2.2250,2.2250,2.2250,2.2250,2.2200,0.0000,2.2200,2.2200,-10.2400,-10.2400,-10.2400,-10.2400,-10.2400,-10.2400,-10.2400,-10.2400
2025-06-15_05:27:13.312,1,1,1,1,2.2250,2.2250,2.2250,2.2250,2.2200,0.0000,2.2200,2.2200,-10.2400,-10.2400,-10.2400,-10.2400,-10.2400,-10.2400,-10.2400,-10.2400
2025-06-15_05:27:14.317,1,1,1,1,2.2250,2.2250,2.2250,2.2250,2.2200,0.0000,2.2200,2.2200,-10.2400,-10.2400,-10.2400,-10.2400,-10.2400,-10.2400,-10.2400,-10.2400
2025-06-15_05:27:15.320,1,1,1,1,2.2200,2.2250,2.2250,2.2250,2.2200,0.0000,2.2200,2.2200,-10.2400,-10.2400,-10.2400,-10.2400,-10.2400,-10.2400,-10.2400,-10.2400
2025-06-15_05:27:16.325,1,1,1,1,2.2200,2.2250,2.2250,2.2250,2.2200,0.0000,2.2200,2.2200,-10.2400,-10.2400,-10.2400,-10.2400,-10.2400,-10.2400,-10.2400,-10.2400
2025-06-15_05:27:17.330,1,1,1,1,2.2200,2.2250,2.2250,2.2250,2.2200,0.0000,2.2200,2.2200,-10.2400,-10.2400,-10.2400,-10.2400,-10.2400,-10.2400,-10.2400,-10.2400
2025-06-15_05:27:18.335,1,1,1,1,2.2250,2.2250,2.2250,2.2250,2.2200,0.0000,2.2200,2.2200,-10.2400,-10.2400,-10.2400,-10.2400,-10.2400,-10.2400,-10.2400,-10.2400
2025-06-15_05:27:19.340,1,1,1,1,2.2250,2.2250,2.2250,2.2250,2.2200,0.0000,2.2200,2.2200,-10.2400,-10.2400,-10.2400,-10.2400,-10.2400,-10.2400,-10.2400,-10.2400
2025-06-15_05:27:20.343,1,1,1,1,2.2250,2.2250,2.2250,2.2250,2.2200,0.0000,2.2200,2.2200,-10.2400,-10.2400,-10.2400,-10.2400,-10.2400,-10.2400,-10.2400,-10.2400
2025-06-15_05:27:21.347,1,1,1,1,2.2250,2.2250,2.2250,2.2250,2.2200,0.0000,2.2200,2.2200,-10.2400,-10.2400,-10.2400,-10.2400,-10.2400,-10.2400,-10.2400,-10.2400
2025-06-15_05:27:22.350,1,1,1,1,2.2200,2.2250,2.2250,2.2250,2.2200,0.0000,2.2200,2.2200,-10.2400,-10.2400,-10.2400,-10.2400,-10.2400,-10.2400,-10.2400,-10.2400
2025-06-15_05:27:23.355,1,1,1,1,2.2200,2.2250,2.2250,2.2250,2.2200,0.0000,2.2200,2.2200,-10.2400,-10.2400,-10.2400,-10.2400,-10.2400,-10.2400,-10.2400,-10.2400
2025-06-15_05:27:24.360,1,1,1,1,2.2250,2.2250,2.2250,2.2250,2.2200,0.0000,2.2200,2.2200,-10.2400,-10.2400,-10.2400,-10.2400,-10.2400,-10.2400,-10.2400,-10.2400
2025-06-15_05:27:25.365,1,1,1,1,2.2250,2.2250,2.2250,2.2250,2.2200,0.0000,2.2200,2.2200,-10.2400,-10.2400,-10.2400,-10.2400,-10.2400,-10.2400,-10.2400,-10.2400
2025-06-15_05:27:26.370,1,1,1,1,2.2250,2.2250,2.2250,2.2250,2.2200,0.0000,2.2200,2.2200,-10.2400,-10.2400,-10.2400,-10.2400,-10.2400,-10.2400,-10.2400,-10.2400
2025-06-15_05:27:27.373,1,1,1,1,2.2250,2.2250,2.2250,2.2250,2.2200,0.0000,2.2200,2.2200,-10.2400,-10.2400,-10.2400,-10.2400,-10.2400,-10.2400,-10.2400,-10.2400
2025-06-15_05:27:28.377,1,1,1,1,2.2250,2.2250,2.2250,2.2250,2.2200,0.0000,2.2200,2.2200,-10.2400,-10.2400,-10.2400,-10.2400,-10.2400,-10.2400,-10.2400,-10.2400
2025-06-15_05:27:29.381,1,1,1,1,2.2250,2.2250,2.2250,2.2250,2.2200,0.0000,2.2200,2.2200,-10.2400,-10.2400,-10.2400,-10.2400,-10.2400,-10.2400,-10.2400,-10.2400
2025-06-15_05:27:30.384,1,1,1,1,2.2250,2.2250,2.2250,2.2250,2.2200,0.0000,2.2200,2.2200,-10.2400,-10.2400,-10.2400,-10.2400,-10.2400,-10.2400,-10.2400,-10.2400
2025-06-15_05:27:31.387,1,1,1,1,2.2250,2.2250,2.2250,2.2250,2.2200,0.0000,2.2200,2.2200,-10.2400,-10.2400,-10.2400,-10.2400,-10.2400,-10.2400,-10.2400,-10.2400
2025-06-15_05:27:32.392,1,1,1,1,2.2200,2.2250,2.2250,2.2250,2.2200,0.0000,2.2200,2.2200,-10.2400,-10.2400,-10.2400,-10.2400,-10.2400,-10.2400,-10.2400,-10.2400
2025-06-15_05:27:33.397,1,1,1,1,2.2250,2.2250,2.2250,2.2250,2.2200,0.0000,2.2200,2.2200,-10.2400,-10.2400,-10.2400,-10.2400,-10.2400,-10.2400,-10.2400,-10.2400
2025-06-15_05:27:34.400,1,1,1,1,2.2200,2.2250,2.2250,2.2250,2.2200,0.0000,2.2200,2.2200,-10.2400,-10.2400,-10.2400,-10.2400,-10.2400,-10.2400,-10.2400,-10.2400
2025-06-15_05:27:35.404,1,1,1,1,2.2200,2.2250,2.2250,2.2250,2.2200,0.0000,2.2200,2.2200,-10.2400,-10.2400,-10.2400,-10.2400,-10.2400,-10.2400,-10.2400,-10.2400
2025-06-15_05:27:36.408,1,1,1,1,2.2250,2.2250,2.2250,2.2250,2.2200,0.0000,2.2200,2.2200,-10.2400,-10.2400,-10.2400,-10.2400,-10.2400,-10.2400,-10.2400,-10.2400
2025-06-15_05:27:37.413,1,1,1,1,2.2200,2.2250,2.2250,2.2250,2.2200,0.0000,2.2200,2.2200,-10.2400,-10.2400,-10.2400,-10.2400,-10.2400,-10.2400,-10.2400,-10.2400
2025-06-15_05:27:38.417,1,1,1,1,2.2200,2.2250,2.2250,2.2250,2.2200,0.0000,2.2200,2.2200,-10.2400,-10.2400,-10.2400,-10.2400,-10.2400,-10.2400,-10.2400,-10.2400
2025-06-15_05:27:39.422,1,1,1,1,2.2250,2.2250,2.2250,2.2250,2.2200,0.0000,2.2200,2.2200,-10.2400,-10.2400,-10.2400,-10.2400,-10.2400,-10.2400,-10.2400,-10.2400
2025-06-15_05:27:40.426,1,1,1,1,2.2250,2.2250,2.2250,2.2250,2.2200,0.0000,2.2200,2.2200,-10.2400,-10.2400,-10.2400,-10.2400,-10.2400,-10.2400,-10.2400,-10.2400
2025-06-15_05:27:41.431,1,1,1,1,2.2250,2.2250,2.2250,2.2250,2.2200,0.0000,2.2200,2.2200,-10.2400,-10.2400,-10.2400,-10.2400,-10.2400,-10.2400,-10.2400,-10.2400
2025-06-15_05:27:42.437,1,1,1,1,2.2250,2.2250,2.2250,2.2250,2.2200,0.0000,2.2200,2.2200,-10.2400,-10.2400,-10.2400,-10.2400,-10.2400,-10.2400,-10.2400,-10.2400
2025-06-15_05:27:43.442,1,1,1,1,2.2250,2.2250,2.2250,2.2250,2.2200,0.0000,2.2200,2.2200,-10.2400,-10.2400,-10.2400,-10.2400,-10.2400,-10.2400,-10.2400,-10.2400
2025-06-15_05:27:44.445,1,1,1,1,2.2200,2.2250,2.2250,2.2250,2.2200,0.0000,2.2200,2.2200,-10.2400,-10.2400,-10.2400,-10.2400,-10.2400,-10.2400,-10.2400,-10.2400
2025-06-15_05:27:45.449,1,1,1,1,2.2250,2.2250,2.2250,2.2250,2.2200,0.0000,2.2200,2.2200,-10.2400,-10.2400,-10.2400,-10.2400,-10.2400,-10.2400,-10.2400,-10.2400
2025-06-15_05:27:46.453,1,1,1,1,2.2200,2.2250,2.2250,2.2250,2.2200,0.0000,2.2200,2.2200,-10.2400,-10.2400,-10.2400,-10.2400,-10.2400,-10.2400,-10.2400,-10.2400
2025-06-15_05:27:47.458,1,1,1,1,2.2250,2.2250,2.2250,2.2250,2.2200,0.0000,2.2200,2.2200,-10.2400,-10.2400,-10.2400,-10.2400,-10.2400,-10.2400,-10.2400,-10.2400
2025-06-15_05:27:48.463,1,1,1,1,2.2250,2.2250,2.2250,2.2250,2.2200,0.0000,2.2200,2.2200,-10.2400,-10.2400,-10.2400,-10.2400,-10.2400,-10.2400,-10.2400,-10.2400
2025-06-15_05:27:49.467,1,1,1,1,2.2250,2.2250,2.2250,2.2250,2.2200,0.0000,2.2200,2.2200,-10.2400,-10.2400,-10.2400,-10.2400,-10.2400,-10.2400,-10.2400,-10.2400
2025-06-15_05:27:50.471,1,1,1,1,2.2250,2.2250,2.2250,2.2250,2.2200,0.0000,2.2200,2.2200,-10.2400,-10.2400,-10.2400,-10.2400,-10.2400,-10.2400,-10.2400,-10.2400
2025-06-15_05:27:51.476,1,1,1,1,2.2250,2.2250,2.2250,2.2250,2.2200,0.0000,2.2200,2.2200,-10.2400,-10.2400,-10.2400,-10.2400,-10.2400,-10.2400,-10.2400,-10.2400
2025-06-15_05:27:52.481,1,1,1,1,2.2250,2.2250,2.2250,2.2250,2.2200,0.0000,2.2200,2.2200,-10.2400,-10.2400,-10.2400,-10.2400,-10.2400,-10.2400,-10.2400,-10.2400
2025-06-15_05:27:53.485,1,1,1,1,2.2200,2.2250,2.2250,2.2250,2.2200,0.0000,2.2200,2.2200,-10.2400,-10.2400,-10.2400,-10.2400,-10.2400,-10.2400,-10.2400,-10.2400
2025-06-15_05:27:54.490,1,1,1,1,2.2250,2.2250,2.2250,2.2250,2.2200,0.0000,2.2200,2.2200,-10.2400,-10.2400,-10.2400,-10.2400,-10.2400,-10.2400,-10.2400,-10.2400
2025-06-15_05:27:55.494,1,1,1,1,2.2250,2.2250,2.2250,2.2250,2.2200,0.0000,2.2200,2.2200,-10.2400,-10.2400,-10.2400,-10.2400,-10.2400,-10.2400,-10.2400,-10.2400
2025-06-15_05:27:56.498,1,1,1,1,2.2250,2.2250,2.2250,2.2250,2.2200,0.0000,2.2200,2.2200,-10.2400,-10.2400,-10.2400,-10.2400,-10.2400,-10.2400,-10.2400,-10.2400
2025-06-15_05:27:57.502,1,1,1,1,2.2250,2.2250,2.2250,2.2250,2.2200,0.0000,2.2200,2.2200,-10.2400,-10.2400,-10.2400,-10.2400,-10.2400,-10.2400,-10.2400,-10.2400
2025-06-15_05:27:58.507,1,1,1,1,2.2250,2.2250,2.2250,2.2250,2.2200,0.0000,2.2200,2.2200,-10.2400,-10.2400,-10.2400,-10.2400,-10.2400,-10.2400,-10.2400,-10.2400
2025-06-15_05:27:59.512,1,1,1,1,2.2250,2.2250,2.2250,2.2250,2.2200,0.0000,2.2200,2.2200,-10.2400,-10.2400,-10.2400,-10.2400,-10.2400,-10.2400,-10.2400,-10.2400
2025-06-15_05:28:00.516,1,1,1,1,2.2200,2.2250,2.2250,2.2250,2.2200,0.0000,2.2200,2.2200,-10.2400,-10.2400,-10.2400,-10.2400,-10.2400,-10.2400,-10.2400,-10.2400
2025-06-15_05:28:01.520,1,1,1,1,2.2250,2.2250,2.2250,2.2250,2.2200,0.0000,2.2200,2.2200,-10.2400,-10.2400,-10.2400,-10.2400,-10.2400,-10.2400,-10.2400,-10.2400
2025-06-15_05:28:02.524,1,1,1,1,2.2250,2.2250,2.2250,2.2250,2.2200,0.0000,2.2200,2.2200,-10.2400,-10.2400,-10.2400,-10.2400,-10.2400,-10.2400,-10.2400,-10.2400
2025-06-15_05:28:03.528,1,1,1,1,2.2250,2.2250,2.2250,2.2250,2.2200,0.0000,2.2200,2.2200,-10.2400,-10.2400,-10.2400,-10.2400,-10.2400,-10.2400,-10.2400,-10.2400
2025-06-15_05:28:04.532,1,1,1,1,2.2200,2.2250,2.2250,2.2250,2.2200,0.0000,2.2200,2.2200,-10.2400,-10.2400,-10.2400,-10.2400,-10.2400,-10.2400,-10.2400,-10.2400
2025-06-15_05:28:05.536,1,1,1,1,2.2250,2.2250,2.2250,2.2250,2.2200,0.0000,2.2200,2.2200,-10.2400,-10.2400,-10.2400,-10.2400,-10.2400,-10.2400,-10.2400,-10.2400
2025-06-15_05:28:06.540,1,1,1,1,2.2250,2.2250,2.2250,2.2250,2.2200,0.0000,2.2200,2.2200,-10.2400,-10.2400,-10.2400,-10.2400,-10.2400,-10.2400,-10.2400,-10.2400
2025-06-15_05:28:07.545,1,1,1,1,2.2250,2.2250,2.2250,2.2250,2.2200,0.0000,2.2200,2.2200,-10.2400,-10.2400,-10.2400,-10.2400,-10.2400,-10.2400,-10.2400,-10.2400
2025-06-15_05:28:08.555,1,1,1,1,2.2250,2.2250,2.2250,2.2250,2.2200,0.0000,2.2200,2.2200,-10.2400,-10.2400,-10.2400,-10.2400,-10.2400,-10.2400,-10.2400,-10.2400
2025-06-15_05:28:09.559,1,1,1,1,2.2250,2.2250,2.2250,2.2250,2.2200,0.0000,2.2200,2.2200,-10.2400,-10.2400,-10.2400,-10.2400,-10.2400,-10.2400,-10.2400,-10.2400
2025-06-15_05:28:10.562,1,1,1,1,2.2250,2.2250,2.2250,2.2250,2.2200,0.0000,2.2200,2.2200,-10.2400,-10.2400,-10.2400,-10.2400,-10.2400,-10.2400,-10.2400,-10.2400
2025-06-15_05:28:11.565,1,1,1,1,2.2250,2.2250,2.2250,2.2250,2.2200,0.0000,2.2200,2.2200,-10.2400,-10.2400,-10.2400,-10.2400,-10.2400,-10.2400,-10.2400,-10.2400
2025-06-15_05:28:12.569,1,1,1,1,2.2250,2.2250,2.2250,2.2250,2.2200,0.0000,2.2200,2.2200,-10.2400,-10.2400,-10.2400,-10.2400,-10.2400,-10.2400,-10.2400,-10.2400
2025-06-15_05:28:13.572,1,1,1,1,2.2250,2.2250,2.2250,2.2250,2.2200,0.0000,2.2200,2.2200,-10.2400,-10.2400,-10.2400,-10.2400,-10.2400,-10.2400,-10.2400,-10.2400
2025-06-15_05:28:14.576,1,1,1,1,2.2200,2.2250,2.2250,2.2250,2.2200,0.0000,2.2200,2.2200,-10.2400,-10.2400,-10.2400,-10.2400,-10.2400,-10.2400,-10.2400,-10.2400
2025-06-15_05:28:15.580,1,1,1,1,2.2250,2.2250,2.2250,2.2250,2.2200,0.0000,2.2200,2.2200,-10.2400,-10.2400,-10.2400,-10.2400,-10.2400,-10.2400,-10.2400,-10.2400
2025-06-15_05:28:16.585,1,1,1,1,2.2200,2.2250,2.2250,2.2250,2.2200,0.0000,2.2200,2.2200,-10.2400,-10.2400,-10.2400,-10.2400,-10.2400,-10.2400,-10.2400,-10.2400
2025-06-15_05:28:17.589,1,1,1,1,2.2250,2.2250,2.2250,2.2250,2.2200,0.0000,2.2200,2.2200,-10.2400,-10.2400,-10.2400,-10.2400,-10.2400,-10.2400,-10.2400,-10.2400
2025-06-15_05:28:18.593,1,1,1,1,2.2250,2.2250,2.2250,2.2250,2.2200,0.0000,2.2200,2.2200,-10.2400,-10.2400,-10.2400,-10.2400,-10.2400,-10.2400,-10.2400,-10.2400
2025-06-15_05:28:19.598,1,1,1,1,2.2250,2.2250,2.2200,2.2250,2.2200,0.0000,2.2200,2.2200,-10.2400,-10.2400,-10.2400,-10.2400,-10.2400,-10.2400,-10.2400,-10.2400
2025-06-15_05:28:20.602,1,1,1,1,2.2250,2.2250,2.2250,2.2250,2.2200,0.0000,2.2200,2.2200,-10.2400,-10.2400,-10.2400,-10.2400,-10.2400,-10.2400,-10.2400,-10.2400
2025-06-15_05:28:21.606,1,1,1,1,2.2200,2.2250,2.2250,2.2250,2.2200,0.0000,2.2200,2.2200,-10.2400,-10.2400,-10.2400,-10.2400,-10.2400,-10.2400,-10.2400,-10.2400
2025-06-15_05:28:22.611,1,1,1,1,2.2200,2.2250,2.2250,2.2250,2.2200,0.0000,2.2200,2.2200,-10.2400,-10.2400,-10.2400,-10.2400,-10.2400,-10.2400,-10.2400,-10.2400
2025-06-15_05:28:23.615,1,1,1,1,2.2200,2.2250,2.2250,2.2250,2.2200,0.0000,2.2200,2.2200,-10.2400,-10.2400,-10.2400,-10.2400,-10.2400,-10.2400,-10.2400,-10.2400
2025-06-15_05:28:24.619,1,1,1,1,2.2200,2.2250,2.2250,2.2250,2.2200,0.0000,2.2200,2.2200,-10.2400,-10.2400,-10.2400,-10.2400,-10.2400,-10.2400,-10.2400,-10.2400
2025-06-15_05:28:25.623,1,1,1,1,2.2250,2.2250,2.2250,2.2250,2.2200,0.0000,2.2200,2.2200,-10.2400,-10.2400,-10.2400,-10.2400,-10.2400,-10.2400,-10.2400,-10.2400
2025-06-15_05:28:26.627,1,1,1,1,2.2200,2.2250,2.2250,2.2250,2.2200,0.0000,2.2200,2.2200,-10.2400,-10.2400,-10.2400,-10.2400,-10.2400,-10.2400,-10.2400,-10.2400
2025-06-15_05:28:27.631,1,1,1,1,2.2200,2.2250,2.2250,2.2250,2.2200,0.0000,2.2200,2.2200,-10.2400,-10.2400,-10.2400,-10.2400,-10.2400,-10.2400,-10.2400,-10.2400
2025-06-15_05:28:28.637,1,1,1,1,2.2200,2.2250,2.2250,2.2250,2.2200,0.0000,2.2200,2.2200,-10.2400,-10.2400,-10.2400,-10.2400,-10.2400,-10.2400,-10.2400,-10.2400
2025-06-15_05:28:29.640,1,1,1,1,2.2200,2.2250,2.2250,2.2250,2.2200,0.0000,2.2200,2.2200,-10.2400,-10.2400,-10.2400,-10.2400,-10.2400,-10.2400,-10.2400,-10.2400
2025-06-15_05:28:30.644,1,1,1,1,2.2250,2.2250,2.2250,2.2250,2.2200,0.0000,2.2200,2.2200,-10.2400,-10.2400,-10.2400,-10.2400,-10.2400,-10.2400,-10.2400,-10.2400
2025-06-15_05:28:31.648,1,1,1,1,2.2250,2.2250,2.2250,2.2250,2.2200,0.0000,2.2200,2.2200,-10.2400,-10.2400,-10.2400,-10.2400,-10.2400,-10.2400,-10.2400,-10.2400
2025-06-15_05:28:32.651,1,1,1,1,2.2200,2.2250,2.2250,2.2250,2.2200,0.0000,2.2200,2.2200,-10.2400,-10.2400,-10.2400,-10.2400,-10.2400,-10.2400,-10.2400,-10.2400
2025-06-15_05:28:33.656,1,1,1,1,2.2250,2.2250,2.2250,2.2250,2.2200,0.0000,2.2200,2.2200,-10.2400,-10.2400,-10.2400,-10.2400,-10.2400,-10.2400,-10.2400,-10.2400
2025-06-15_05:28:34.660,1,1,1,1,2.2250,2.2250,2.2250,2.2250,2.2200,0.0000,2.2200,2.2200,-10.2400,-10.2400,-10.2400,-10.2400,-10.2400,-10.2400,-10.2400,-10.2400
2025-06-15_05:28:35.665,1,1,1,1,2.2250,2.2250,2.2250,2.2250,2.2200,0.0000,2.2200,2.2200,-10.2400,-10.2400,-10.2400,-10.2400,-10.2400,-10.2400,-10.2400,-10.2400
2025-06-15_05:28:36.670,1,1,1,1,2.2250,2.2250,2.2250,2.2250,2.2200,0.0000,2.2200,2.2200,-10.2400,-10.2400,-10.2400,-10.2400,-10.2400,-10.2400,-10.2400,-10.2400
2025-06-15_05:28:37.674,1,1,1,1,2.2250,2.2250,2.2250,2.2250,2.2200,0.0000,2.2200,2.2200,-10.2400,-10.2400,-10.2400,-10.2400,-10.2400,-10.2400,-10.2400,-10.2400
2025-06-15_05:28:38.679,1,1,1,1,2.2250,2.2250,2.2250,2.2250,2.2200,0.0000,2.2200,2.2200,-10.2400,-10.2400,-10.2400,-10.2400,-10.2400,-10.2400,-10.2400,-10.2400
2025-06-15_05:28:39.682,1,1,1,1,2.2250,2.2250,2.2250,2.2250,2.2200,0.0000,2.2200,2.2200,-10.2400,-10.2400,-10.2400,-10.2400,-10.2400,-10.2400,-10.2400,-10.2400
2025-06-15_05:28:40.687,1,1,1,1,2.2250,2.2250,2.2250,2.2250,2.2200,0.0000,2.2200,2.2200,-10.2400,-10.2400,-10.2400,-10.2400,-10.2400,-10.2400,-10.2400,-10.2400
2025-06-15_05:28:41.691,1,1,1,1,2.2200,2.2250,2.2250,2.2250,2.2200,0.0000,2.2200,2.2200,-10.2400,-10.2400,-10.2400,-10.2400,-10.2400,-10.2400,-10.2400,-10.2400
2025-06-15_05:28:42.696,1,1,1,1,2.2250,2.2250,2.2250,2.2250,2.2200,0.0000,2.2200,2.2200,-10.2400,-10.2400,-10.2400,-10.2400,-10.2400,-10.2400,-10.2400,-10.2400
2025-06-15_05:28:43.701,1,1,1,1,2.2200,2.2250,2.2250,2.2250,2.2200,0.0000,2.2200,2.2200,-10.2400,-10.2400,-10.2400,-10.2400,-10.2400,-10.2400,-10.2400,-10.2400
2025-06-15_05:28:44.704,1,1,1,1,2.2250,2.2250,2.2250,2.2250,2.2200,0.0000,2.2200,2.2200,-10.2400,-10.2400,-10.2400,-10.2400,-10.2400,-10.2400,-10.2400,-10.2400
2025-06-15_05:28:45.708,1,1,1,1,2.2250,2.2250,2.2250,2.2250,2.2200,0.0000,2.2200,2.2200,-10.2400,-10.2400,-10.2400,-10.2400,-10.2400,-10.2400,-10.2400,-10.2400
2025-06-15_05:28:46.712,1,1,1,1,2.2250,2.2250,2.2250,2.2250,2.2200,0.0000,2.2200,2.2200,-10.2400,-10.2400,-10.2400,-10.2400,-10.2400,-10.2400,-10.2400,-10.2400
2025-06-15_05:28:47.716,1,1,1,1,2.2250,2.2250,2.2250,2.2250,2.2200,0.0000,2.2200,2.2200,-10.2400,-10.2400,-10.2400,-10.2400,-10.2400,-10.2400,-10.2400,-10.2400
2025-06-15_05:28:48.720,1,1,1,1,2.2250,2.2250,2.2250,2.2250,2.2200,0.0000,2.2200,2.2200,-10.2400,-10.2400,-10.2400,-10.2400,-10.2400,-10.2400,-10.2400,-10.2400
2025-06-15_05:28:49.725,1,1,1,1,2.2250,2.2250,2.2250,2.2250,2.2200,0.0000,2.2200,2.2200,-10.2400,-10.2400,-10.2400,-10.2400,-10.2400,-10.2400,-10.2400,-10.2400
2025-06-15_05:28:50.729,1,1,1,1,2.2250,2.2250,2.2250,2.2250,2.2200,0.0000,2.2200,2.2200,-10.2400,-10.2400,-10.2400,-10.2400,-10.2400,-10.2400,-10.2400,-10.2400
2025-06-15_05:28:51.734,1,1,1,1,2.2250,2.2250,2.2250,2.2250,2.2200,0.0000,2.2200,2.2200,-10.2400,-10.2400,-10.2400,-10.2400,-10.2400,-10.2400,-10.2400,-10.2400
2025-06-15_05:28:52.737,1,1,1,1,2.2200,2.2250,2.2250,2.2250,2.2200,0.0000,2.2200,2.2200,-10.2400,-10.2400,-10.2400,-10.2400,-10.2400,-10.2400,-10.2400,-10.2400
2025-06-15_05:28:53.742,1,1,1,1,2.2200,2.2250,2.2250,2.2250,2.2200,0.0000,2.2200,2.2200,-10.2400,-10.2400,-10.2400,-10.2400,-10.2400,-10.2400,-10.2400,-10.2400
2025-06-15_05:28:54.747,1,1,1,1,2.2200,2.2250,2.2250,2.2250,2.2200,0.0000,2.2200,2.2200,-10.2400,-10.2400,-10.2400,-10.2400,-10.2400,-10.2400,-10.2400,-10.2400
2025-06-15_05:28:55.751,1,1,1,1,2.2250,2.2250,2.2250,2.2250,2.2200,0.0000,2.2200,2.2200,-10.2400,-10.2400,-10.2400,-10.2400,-10.2400,-10.2400,-10.2400,-10.2400
2025-06-15_05:28:56.756,1,1,1,1,2.2250,2.2250,2.2250,2.2250,2.2200,0.0000,2.2200,2.2200,-10.2400,-10.2400,-10.2400,-10.2400,-10.2400,-10.2400,-10.2400,-10.2400
2025-06-15_05:28:57.760,1,1,1,1,2.2250,2.2250,2.2250,2.2250,2.2200,0.0000,2.2200,2.2200,-10.2400,-10.2400,-10.2400,-10.2400,-10.2400,-10.2400,-10.2400,-10.2400
2025-06-15_05:28:58.765,1,1,1,1,2.2250,2.2250,2.2250,2.2250,2.2200,0.0000,2.2200,2.2200,-10.2400,-10.2400,-10.2400,-10.2400,-10.2400,-10.2400,-10.2400,-10.2400
2025-06-15_05:28:59.768,1,1,1,1,2.2250,2.2250,2.2250,2.2250,2.2200,0.0000,2.2200,2.2200,-10.2400,-10.2400,-10.2400,-10.2400,-10.2400,-10.2400,-10.2400,-10.2400
2025-06-15_05:29:00.771,1,1,1,1,2.2250,2.2250,2.2250,2.2250,2.2200,0.0000,2.2200,2.2200,-10.2400,-10.2400,-10.2400,-10.2400,-10.2400,-10.2400,-10.2400,-10.2400
2025-06-15_05:29:01.774,1,1,1,1,2.2250,2.2250,2.2250,2.2250,2.2200,0.0000,2.2200,2.2200,-10.2400,-10.2400,-10.2400,-10.2400,-10.2400,-10.2400,-10.2400,-10.2400
2025-06-15_05:29:02.778,1,1,1,1,2.2200,2.2250,2.2250,2.2250,2.2200,0.0000,2.2200,2.2200,-10.2400,-10.2400,-10.2400,-10.2400,-10.2400,-10.2400,-10.2400,-10.2400
2025-06-15_05:29:03.782,1,1,1,1,2.2250,2.2250,2.2200,2.2250,2.2200,0.0000,2.2200,2.2200,-10.2400,-10.2400,-10.2400,-10.2400,-10.2400,-10.2400,-10.2400,-10.2400
2025-06-15_05:29:04.786,1,1,1,1,2.2250,2.2250,2.2250,2.2250,2.2200,0.0000,2.2200,2.2200,-10.2400,-10.2400,-10.2400,-10.2400,-10.2400,-10.2400,-10.2400,-10.2400
2025-06-15_05:29:05.790,1,1,1,1,2.2250,2.2250,2.2250,2.2250,2.2200,0.0000,2.2200,2.2200,-10.2400,-10.2400,-10.2400,-10.2400,-10.2400,-10.2400,-10.2400,-10.2400
2025-06-15_05:29:06.793,1,1,1,1,2.2250,2.2250,2.2250,2.2250,2.2200,0.0000,2.2200,2.2200,-10.2400,-10.2400,-10.2400,-10.2400,-10.2400,-10.2400,-10.2400,-10.2400
2025-06-15_05:29:07.798,1,1,1,1,2.2250,2.2250,2.2250,2.2250,2.2200,0.0000,2.2200,2.2200,-10.2400,-10.2400,-10.2400,-10.2400,-10.2400,-10.2400,-10.2400,-10.2400
2025-06-15_05:29:08.801,1,1,1,1,2.2250,2.2250,2.2250,2.2250,2.2200,0.0000,2.2200,2.2200,-10.2400,-10.2400,-10.2400,-10.2400,-10.2400,-10.2400,-10.2400,-10.2400
2025-06-15_05:29:09.806,1,1,1,1,2.2200,2.2250,2.2250,2.2250,2.2200,0.0000,2.2200,2.2200,-10.2400,-10.2400,-10.2400,-10.2400,-10.2400,-10.2400,-10.2400,-10.2400
2025-06-15_05:29:10.811,1,1,1,1,2.2250,2.2250,2.2200,2.2250,2.2200,0.0000,2.2200,2.2200,-10.2400,-10.2400,-10.2400,-10.2400,-10.2400,-10.2400,-10.2400,-10.2400
2025-06-15_05:29:11.814,1,1,1,1,2.2250,2.2250,2.2250,2.2250,2.2200,0.0000,2.2200,2.2200,-10.2400,-10.2400,-10.2400,-10.2400,-10.2400,-10.2400,-10.2400,-10.2400
2025-06-15_05:29:12.818,1,1,1,1,2.2250,2.2250,2.2250,2.2250,2.2200,0.0000,2.2200,2.2200,-10.2400,-10.2400,-10.2400,-10.2400,-10.2400,-10.2400,-10.2400,-10.2400
2025-06-15_05:29:13.821,1,1,1,1,2.2200,2.2250,2.2250,2.2250,2.2200,0.0000,2.2200,2.2200,-10.2400,-10.2400,-10.2400,-10.2400,-10.2400,-10.2400,-10.2400,-10.2400
2025-06-15_05:29:14.825,1,1,1,1,2.2250,2.2250,2.2250,2.2250,2.2200,0.0000,2.2200,2.2200,-10.2400,-10.2400,-10.2400,-10.2400,-10.2400,-10.2400,-10.2400,-10.2400
2025-06-15_05:29:15.829,1,1,1,1,2.2250,2.2250,2.2250,2.2250,2.2200,0.0000,2.2200,2.2200,-10.2400,-10.2400,-10.2400,-10.2400,-10.2400,-10.2400,-10.2400,-10.2400
2025-06-15_05:29:16.834,1,1,1,1,2.2250,2.2250,2.2250,2.2250,2.2200,0.0000,2.2200,2.2200,-10.2400,-10.2400,-10.2400,-10.2400,-10.2400,-10.2400,-10.2400,-10.2400
2025-06-15_05:29:17.838,1,1,1,1,2.2250,2.2250,2.2250,2.2250,2.2200,0.0000,2.2200,2.2200,-10.2400,-10.2400,-10.2400,-10.2400,-10.2400,-10.2400,-10.2400,-10.2400
2025-06-15_05:29:18.843,1,1,1,1,2.2250,2.2250,2.2250,2.2250,2.2200,0.0000,2.2200,2.2200,-10.2400,-10.2400,-10.2400,-10.2400,-10.2400,-10.2400,-10.2400,-10.2400
2025-06-15_05:29:19.848,1,1,1,1,2.2200,2.2250,2.2250,2.2250,2.2200,0.0000,2.2200,2.2200,-10.2400,-10.2400,-10.2400,-10.2400,-10.2400,-10.2400,-10.2400,-10.2400
2025-06-15_05:29:20.853,1,1,1,1,2.2200,2.2250,2.2250,2.2250,2.2200,0.0000,2.2200,2.2200,-10.2400,-10.2400,-10.2400,-10.2400,-10.2400,-10.2400,-10.2400,-10.2400
2025-06-15_05:29:21.857,1,1,1,1,2.2200,2.2250,2.2250,2.2250,2.2200,0.0000,2.2200,2.2200,-10.2400,-10.2400,-10.2400,-10.2400,-10.2400,-10.2400,-10.2400,-10.2400
2025-06-15_05:29:22.860,1,1,1,1,2.2200,2.2250,2.2250,2.2250,2.2200,0.0000,2.2200,2.2200,-10.2400,-10.2400,-10.2400,-10.2400,-10.2400,-10.2400,-10.2400,-10.2400
2025-06-15_05:29:23.865,1,1,1,1,2.2250,2.2250,2.2250,2.2250,2.2200,0.0000,2.2200,2.2200,-10.2400,-10.2400,-10.2400,-10.2400,-10.2400,-10.2400,-10.2400,-10.2400
2025-06-15_05:29:24.869,1,1,1,1,2.2200,2.2250,2.2250,2.2250,2.2200,0.0000,2.2200,2.2200,-10.2400,-10.2400,-10.2400,-10.2400,-10.2400,-10.2400,-10.2400,-10.2400
2025-06-15_05:29:25.873,1,1,1,1,2.2200,2.2250,2.2250,2.2250,2.2200,0.0000,2.2200,2.2200,-10.2400,-10.2400,-10.2400,-10.2400,-10.2400,-10.2400,-10.2400,-10.2400
2025-06-15_05:29:26.878,1,1,1,1,2.2250,2.2250,2.2250,2.2250,2.2200,0.0000,2.2200,2.2200,-10.2400,-10.2400,-10.2400,-10.2400,-10.2400,-10.2400,-10.2400,-10.2400
2025-06-15_05:29:27.883,1,1,1,1,2.2250,2.2250,2.2250,2.2250,2.2200,0.0000,2.2200,2.2200,-10.2400,-10.2400,-10.2400,-10.2400,-10.2400,-10.2400,-10.2400,-10.2400
2025-06-15_05:29:28.887,1,1,1,1,2.2250,2.2250,2.2250,2.2250,2.2200,0.0000,2.2200,2.2200,-10.2400,-10.2400,-10.2400,-10.2400,-10.2400,-10.2400,-10.2400,-10.2400
2025-06-15_05:29:29.890,1,1,1,1,2.2250,2.2250,2.2250,2.2250,2.2200,0.0000,2.2200,2.2200,-10.2400,-10.2400,-10.2400,-10.2400,-10.2400,-10.2400,-10.2400,-10.2400
2025-06-15_05:29:30.893,1,1,1,1,2.2250,2.2250,2.2250,2.2250,2.2200,0.0000,2.2200,2.2200,-10.2400,-10.2400,-10.2400,-10.2400,-10.2400,-10.2400,-10.2400,-10.2400
2025-06-15_05:29:31.897,1,1,1,1,2.2250,2.2250,2.2200,2.2250,2.2200,0.0000,2.2200,2.2200,-10.2400,-10.2400,-10.2400,-10.2400,-10.2400,-10.2400,-10.2400,-10.2400
2025-06-15_05:29:32.903,1,1,1,1,2.2250,2.2250,2.2250,2.2250,2.2200,0.0000,2.2200,2.2200,-10.2400,-10.2400,-10.2400,-10.2400,-10.2400,-10.2400,-10.2400,-10.2400
2025-06-15_05:29:33.907,1,1,1,1,2.2250,2.2250,2.2250,2.2250,2.2200,0.0000,2.2200,2.2200,-10.2400,-10.2400,-10.2400,-10.2400,-10.2400,-10.2400,-10.2400,-10.2400
2025-06-15_05:29:34.911,1,1,1,1,2.2250,2.2250,2.2250,2.2250,2.2200,0.0000,2.2200,2.2200,-10.2400,-10.2400,-10.2400,-10.2400,-10.2400,-10.2400,-10.2400,-10.2400
2025-06-15_05:29:35.914,1,1,1,1,2.2250,2.2250,2.2200,2.2250,2.2200,0.0000,2.2200,2.2200,-10.2400,-10.2400,-10.2400,-10.2400,-10.2400,-10.2400,-10.2400,-10.2400
2025-06-15_05:29:36.917,1,1,1,1,2.2250,2.2250,2.2250,2.2250,2.2200,0.0000,2.2200,2.2200,-10.2400,-10.2400,-10.2400,-10.2400,-10.2400,-10.2400,-10.2400,-10.2400
2025-06-15_05:29:37.921,1,1,1,1,2.2250,2.2250,2.2250,2.2250,2.2200,0.0000,2.2200,2.2200,-10.2400,-10.2400,-10.2400,-10.2400,-10.2400,-10.2400,-10.2400,-10.2400
2025-06-15_05:29:38.925,1,1,1,1,2.2250,2.2250,2.2250,2.2250,2.2200,0.0000,2.2200,2.2200,-10.2400,-10.2400,-10.2400,-10.2400,-10.2400,-10.2400,-10.2400,-10.2400
2025-06-15_05:29:39.931,1,1,1,1,2.2200,2.2250,2.2250,2.2250,2.2200,0.0000,2.2200,2.2200,-10.2400,-10.2400,-10.2400,-10.2400,-10.2400,-10.2400,-10.2400,-10.2400
2025-06-15_05:29:40.935,1,1,1,1,2.2200,2.2250,2.2250,2.2250,2.2200,0.0000,2.2200,2.2200,-10.2400,-10.2400,-10.2400,-10.2400,-10.2400,-10.2400,-10.2400,-10.2400
2025-06-15_05:29:41.939,1,1,1,1,2.2250,2.2250,2.2250,2.2250,2.2200,0.0000,2.2200,2.2200,-10.2400,-10.2400,-10.2400,-10.2400,-10.2400,-10.2400,-10.2400,-10.2400
2025-06-15_05:29:42.943,1,1,1,1,2.2200,2.2250,2.2200,2.2250,2.2200,0.0000,2.2200,2.2200,-10.2400,-10.2400,-10.2400,-10.2400,-10.2400,-10.2400,-10.2400,-10.2400
2025-06-15_05:29:43.947,1,1,1,1,2.2250,2.2250,2.2250,2.2250,2.2200,0.0000,2.2200,2.2200,-10.2400,-10.2400,-10.2400,-10.2400,-10.2400,-10.2400,-10.2400,-10.2400
2025-06-15_05:29:44.952,1,1,1,1,2.2250,2.2250,2.2250,2.2250,2.2200,0.0000,2.2200,2.2200,-10.2400,-10.2400,-10.2400,-10.2400,-10.2400,-10.2400,-10.2400,-10.2400
2025-06-15_05:29:45.956,1,1,1,1,2.2250,2.2250,2.2250,2.2250,2.2200,0.0000,2.2200,2.2200,-10.2400,-10.2400,-10.2400,-10.2400,-10.2400,-10.2400,-10.2400,-10.2400
2025-06-15_05:29:46.960,1,1,1,1,2.2250,2.2250,2.2250,2.2250,2.2200,0.0000,2.2200,2.2200,-10.2400,-10.2400,-10.2400,-10.2400,-10.2400,-10.2400,-10.2400,-10.2400
2025-06-15_05:29:47.965,1,1,1,1,2.2200,2.2250,2.2250,2.2250,2.2200,0.0000,2.2200,2.2200,-10.2400,-10.2400,-10.2400,-10.2400,-10.2400,-10.2400,-10.2400,-10.2400
2025-06-15_05:29:48.969,1,1,1,1,2.2250,2.2250,2.2250,2.2250,2.2200,0.0000,2.2200,2.2200,-10.2400,-10.2400,-10.2400,-10.2400,-10.2400,-10.2400,-10.2400,-10.2400
2025-06-15_05:29:49.973,1,1,1,1,2.2250,2.2250,2.2250,2.2250,2.2200,0.0000,2.2200,2.2200,-10.2400,-10.2400,-10.2400,-10.2400,-10.2400,-10.2400,-10.2400,-10.2400
2025-06-15_05:29:50.978,1,1,1,1,2.2250,2.2250,2.2250,2.2250,2.2200,0.0000,2.2200,2.2200,-10.2400,-10.2400,-10.2400,-10.2400,-10.2400,-10.2400,-10.2400,-10.2400
2025-06-15_05:29:51.983,1,1,1,1,2.2250,2.2250,2.2250,2.2250,2.2200,0.0000,2.2200,2.2200,-10.2400,-10.2400,-10.2400,-10.2400,-10.2400,-10.2400,-10.2400,-10.2400
2025-06-15_05:29:52.987,1,1,1,1,2.2250,2.2250,2.2250,2.2250,2.2200,0.0000,2.2200,2.2200,-10.2400,-10.2400,-10.2400,-10.2400,-10.2400,-10.2400,-10.2400,-10.2400
2025-06-15_05:29:53.992,1,1,1,1,2.2250,2.2250,2.2250,2.2250,2.2200,0.0000,2.2200,2.2200,-10.2400,-10.2400,-10.2400,-10.2400,-10.2400,-10.2400,-10.2400,-10.2400
2025-06-15_05:29:54.996,1,1,1,1,2.2250,2.2250,2.2250,2.2250,2.2200,0.0000,2.2200,2.2200,-10.2400,-10.2400,-10.2400,-10.2400,-10.2400,-10.2400,-10.2400,-10.2400
2025-06-15_05:29:56.001,1,1,1,1,2.2250,2.2250,2.2250,2.2250,2.2200,0.0000,2.2200,2.2200,-10.2400,-10.2400,-10.2400,-10.2400,-10.2400,-10.2400,-10.2400,-10.2400
2025-06-15_05:29:57.006,1,1,1,1,2.2250,2.2250,2.2250,2.2250,2.2200,0.0000,2.2200,2.2200,-10.2400,-10.2400,-10.2400,-10.2400,-10.2400,-10.2400,-10.2400,-10.2400
2025-06-15_05:29:58.010,1,1,1,1,2.2200,2.2250,2.2250,2.2250,2.2200,0.0000,2.2200,2.2200,-10.2400,-10.2400,-10.2400,-10.2400,-10.2400,-10.2400,-10.2400,-10.2400
2025-06-15_05:29:59.014,1,1,1,1,2.2250,2.2250,2.2250,2.2250,2.2200,0.0000,2.2200,2.2200,-10.2400,-10.2400,-10.2400,-10.2400,-10.2400,-10.2400,-10.2400,-10.2400
2025-06-15_05:30:00.018,1,1,1,1,2.2250,2.2250,2.2250,2.2250,2.2200,0.0000,2.2200,2.2200,-10.2400,-10.2400,-10.2400,-10.2400,-10.2400,-10.2400,-10.2400,-10.2400
2025-06-15_05:30:01.021,1,1,1,1,2.2250,2.2250,2.2250,2.2250,2.2200,0.0000,2.2200,2.2200,-10.2400,-10.2400,-10.2400,-10.2400,-10.2400,-10.2400,-10.2400,-10.2400
2025-06-15_05:30:02.027,1,1,1,1,2.2250,2.2250,2.2250,2.2250,2.2200,0.0000,2.2200,2.2200,-10.2400,-10.2400,-10.2400,-10.2400,-10.2400,-10.2400,-10.2400,-10.2400
2025-06-15_05:30:03.030,1,1,1,1,2.2250,2.2250,2.2250,2.2250,2.2200,0.0000,2.2200,2.2200,-10.2400,-10.2400,-10.2400,-10.2400,-10.2400,-10.2400,-10.2400,-10.2400
2025-06-15_05:30:04.034,1,1,1,1,2.2250,2.2250,2.2250,2.2250,2.2200,0.0000,2.2200,2.2200,-10.2400,-10.2400,-10.2400,-10.2400,-10.2400,-10.2400,-10.2400,-10.2400
2025-06-15_05:30:05.038,1,1,1,1,2.2250,2.2250,2.2250,2.2250,2.2200,0.0000,2.2200,2.2200,-10.2400,-10.2400,-10.2400,-10.2400,-10.2400,-10.2400,-10.2400,-10.2400
2025-06-15_05:30:06.042,1,1,1,1,2.2250,2.2250,2.2250,2.2250,2.2200,0.0000,2.2200,2.2200,-10.2400,-10.2400,-10.2400,-10.2400,-10.2400,-10.2400,-10.2400,-10.2400
2025-06-15_05:30:07.045,1,1,1,1,2.2250,2.2250,2.2250,2.2250,2.2200,0.0000,2.2200,2.2200,-10.2400,-10.2400,-10.2400,-10.2400,-10.2400,-10.2400,-10.2400,-10.2400
2025-06-15_05:30:08.050,1,1,1,1,2.2250,2.2250,2.2250,2.2250,2.2200,0.0000,2.2200,2.2200,-10.2400,-10.2400,-10.2400,-10.2400,-10.2400,-10.2400,-10.2400,-10.2400
2025-06-15_05:30:09.055,1,1,1,1,2.2200,2.2250,2.2250,2.2250,2.2200,0.0000,2.2200,2.2200,-10.2400,-10.2400,-10.2400,-10.2400,-10.2400,-10.2400,-10.2400,-10.2400
2025-06-15_05:30:10.060,1,1,1,1,2.2250,2.2250,2.2250,2.2250,2.2200,0.0000,2.2200,2.2200,-10.2400,-10.2400,-10.2400,-10.2400,-10.2400,-10.2400,-10.2400,-10.2400
2025-06-15_05:30:11.065,1,1,1,1,2.2250,2.2250,2.2250,2.2250,2.2200,0.0000,2.2200,2.2200,-10.2400,-10.2400,-10.2400,-10.2400,-10.2400,-10.2400,-10.2400,-10.2400
2025-06-15_05:30:12.069,1,1,1,1,2.2250,2.2250,2.2250,2.2250,2.2200,0.0000,2.2200,2.2200,-10.2400,-10.2400,-10.2400,-10.2400,-10.2400,-10.2400,-10.2400,-10.2400
2025-06-15_05:30:13.074,1,1,1,1,2.2200,2.2250,2.2250,2.2250,2.2200,0.0000,2.2200,2.2200,-10.2400,-10.2400,-10.2400,-10.2400,-10.2400,-10.2400,-10.2400,-10.2400
2025-06-15_05:30:14.079,1,1,1,1,2.2250,2.2250,2.2250,2.2250,2.2200,0.0000,2.2200,2.2200,-10.2400,-10.2400,-10.2400,-10.2400,-10.2400,-10.2400,-10.2400,-10.2400
2025-06-15_05:30:15.083,1,1,1,1,2.2200,2.2250,2.2250,2.2250,2.2200,0.0000,2.2200,2.2200,-10.2400,-10.2400,-10.2400,-10.2400,-10.2400,-10.2400,-10.2400,-10.2400
2025-06-15_05:30:16.087,1,1,1,1,2.2250,2.2250,2.2250,2.2250,2.2200,0.0000,2.2200,2.2200,-10.2400,-10.2400,-10.2400,-10.2400,-10.2400,-10.2400,-10.2400,-10.2400
2025-06-15_05:30:17.091,1,1,1,1,2.2200,2.2250,2.2250,2.2250,2.2200,0.0000,2.2200,2.2200,-10.2400,-10.2400,-10.2400,-10.2400,-10.2400,-10.2400,-10.2400,-10.2400
2025-06-15_05:30:18.096,1,1,1,1,2.2200,2.2250,2.2250,2.2250,2.2200,0.0000,2.2200,2.2200,-10.2400,-10.2400,-10.2400,-10.2400,-10.2400,-10.2400,-10.2400,-10.2400
2025-06-15_05:30:19.100,1,1,1,1,2.2200,2.2250,2.2250,2.2250,2.2200,0.0000,2.2200,2.2200,-10.2400,-10.2400,-10.2400,-10.2400,-10.2400,-10.2400,-10.2400,-10.2400
2025-06-15_05:30:20.104,1,1,1,1,2.2250,2.2250,2.2250,2.2250,2.2200,0.0000,2.2200,2.2200,-10.2400,-10.2400,-10.2400,-10.2400,-10.2400,-10.2400,-10.2400,-10.2400
2025-06-15_05:30:21.108,1,1,1,1,2.2200,2.2250,2.2250,2.2250,2.2200,0.0000,2.2200,2.2200,-10.2400,-10.2400,-10.2400,-10.2400,-10.2400,-10.2400,-10.2400,-10.2400
2025-06-15_05:30:22.112,1,1,1,1,2.2250,2.2250,2.2250,2.2250,2.2200,0.0000,2.2200,2.2200,-10.2400,-10.2400,-10.2400,-10.2400,-10.2400,-10.2400,-10.2400,-10.2400
2025-06-15_05:30:23.116,1,1,1,1,2.2200,2.2250,2.2250,2.2250,2.2200,0.0000,2.2200,2.2200,-10.2400,-10.2400,-10.2400,-10.2400,-10.2400,-10.2400,-10.2400,-10.2400
2025-06-15_05:30:24.121,1,1,1,1,2.2250,2.2250,2.2250,2.2250,2.2200,0.0000,2.2200,2.2200,-10.2400,-10.2400,-10.2400,-10.2400,-10.2400,-10.2400,-10.2400,-10.2400
2025-06-15_05:30:25.125,1,1,1,1,2.2250,2.2250,2.2250,2.2250,2.2200,0.0000,2.2200,2.2200,-10.2400,-10.2400,-10.2400,-10.2400,-10.2400,-10.2400,-10.2400,-10.2400
2025-06-15_05:30:26.129,1,1,1,1,2.2250,2.2250,2.2250,2.2250,2.2200,0.0000,2.2200,2.2200,-10.2400,-10.2400,-10.2400,-10.2400,-10.2400,-10.2400,-10.2400,-10.2400
2025-06-15_05:30:27.132,1,1,1,1,2.2250,2.2250,2.2250,2.2250,2.2200,0.0000,2.2200,2.2200,-10.2400,-10.2400,-10.2400,-10.2400,-10.2400,-10.2400,-10.2400,-10.2400
2025-06-15_05:30:28.136,1,1,1,1,2.2250,2.2250,2.2250,2.2250,2.2200,0.0000,2.2200,2.2200,-10.2400,-10.2400,-10.2400,-10.2400,-10.2400,-10.2400,-10.2400,-10.2400
2025-06-15_05:30:29.139,1,1,1,1,2.2250,2.2250,2.2250,2.2250,2.2200,0.0000,2.2200,2.2200,-10.2400,-10.2400,-10.2400,-10.2400,-10.2400,-10.2400,-10.2400,-10.2400
2025-06-15_05:30:30.143,1,1,1,1,2.2250,2.2250,2.2250,2.2250,2.2200,0.0000,2.2200,2.2200,-10.2400,-10.2400,-10.2400,-10.2400,-10.2400,-10.2400,-10.2400,-10.2400
2025-06-15_05:30:31.148,1,1,1,1,2.2250,2.2250,2.2250,2.2250,2.2200,0.0000,2.2200,2.2200,-10.2400,-10.2400,-10.2400,-10.2400,-10.2400,-10.2400,-10.2400,-10.2400
2025-06-15_05:30:32.152,1,1,1,1,2.2250,2.2250,2.2250,2.2250,2.2200,0.0000,2.2200,2.2200,-10.2400,-10.2400,-10.2400,-10.2400,-10.2400,-10.2400,-10.2400,-10.2400
2025-06-15_05:30:33.156,1,1,1,1,2.2250,2.2250,2.2250,2.2250,2.2200,0.0000,2.2200,2.2200,-10.2400,-10.2400,-10.2400,-10.2400,-10.2400,-10.2400,-10.2400,-10.2400
2025-06-15_05:30:34.161,1,1,1,1,2.2250,2.2250,2.2250,2.2250,2.2200,0.0000,2.2200,2.2200,-10.2400,-10.2400,-10.2400,-10.2400,-10.2400,-10.2400,-10.2400,-10.2400
2025-06-15_05:30:35.165,1,1,1,1,2.2200,2.2250,2.2250,2.2250,2.2200,0.0000,2.2200,2.2200,-10.2400,-10.2400,-10.2400,-10.2400,-10.2400,-10.2400,-10.2400,-10.2400
2025-06-15_05:30:36.170,1,1,1,1,2.2250,2.2250,2.2250,2.2250,2.2200,0.0000,2.2200,2.2200,-10.2400,-10.2400,-10.2400,-10.2400,-10.2400,-10.2400,-10.2400,-10.2400
2025-06-15_05:30:37.175,1,1,1,1,2.2200,2.2250,2.2250,2.2250,2.2200,0.0000,2.2200,2.2200,-10.2400,-10.2400,-10.2400,-10.2400,-10.2400,-10.2400,-10.2400,-10.2400
2025-06-15_05:30:38.179,1,1,1,1,2.2200,2.2250,2.2250,2.2250,2.2200,0.0000,2.2200,2.2200,-10.2400,-10.2400,-10.2400,-10.2400,-10.2400,-10.2400,-10.2400,-10.2400
2025-06-15_05:30:39.184,1,1,1,1,2.2200,2.2250,2.2250,2.2250,2.2200,0.0000,2.2200,2.2200,-10.2400,-10.2400,-10.2400,-10.2400,-10.2400,-10.2400,-10.2400,-10.2400
2025-06-15_05:30:40.187,1,1,1,1,2.2250,2.2250,2.2250,2.2250,2.2200,0.0000,2.2200,2.2200,-10.2400,-10.2400,-10.2400,-10.2400,-10.2400,-10.2400,-10.2400,-10.2400
2025-06-15_05:30:41.192,1,1,1,1,2.2200,2.2250,2.2250,2.2250,2.2200,0.0000,2.2200,2.2200,-10.2400,-10.2400,-10.2400,-10.2400,-10.2400,-10.2400,-10.2400,-10.2400
2025-06-15_05:30:42.196,1,1,1,1,2.2200,2.2250,2.2200,2.2250,2.2200,0.0000,2.2200,2.2200,-10.2400,-10.2400,-10.2400,-10.2400,-10.2400,-10.2400,-10.2400,-10.2400
2025-06-15_05:30:43.200,1,1,1,1,2.2250,2.2250,2.2250,2.2250,2.2200,0.0000,2.2200,2.2200,-10.2400,-10.2400,-10.2400,-10.2400,-10.2400,-10.2400,-10.2400,-10.2400
2025-06-15_05:30:44.203,1,1,1,1,2.2200,2.2250,2.2250,2.2250,2.2200,0.0000,2.2200,2.2200,-10.2400,-10.2400,-10.2400,-10.2400,-10.2400,-10.2400,-10.2400,-10.2400
2025-06-15_05:30:45.208,1,1,1,1,2.2250,2.2250,2.2250,2.2250,2.2200,0.0000,2.2200,2.2200,-10.2400,-10.2400,-10.2400,-10.2400,-10.2400,-10.2400,-10.2400,-10.2400
2025-06-15_05:30:46.211,1,1,1,1,2.2200,2.2250,2.2250,2.2250,2.2200,0.0000,2.2200,2.2200,-10.2400,-10.2400,-10.2400,-10.2400,-10.2400,-10.2400,-10.2400,-10.2400
2025-06-15_05:30:47.216,1,1,1,1,2.2200,2.2250,2.2250,2.2250,2.2200,0.0000,2.2200,2.2200,-10.2400,-10.2400,-10.2400,-10.2400,-10.2400,-10.2400,-10.2400,-10.2400
2025-06-15_05:30:48.220,1,1,1,1,2.2200,2.2250,2.2250,2.2250,2.2200,0.0000,2.2200,2.2200,-10.2400,-10.2400,-10.2400,-10.2400,-10.2400,-10.2400,-10.2400,-10.2400
2025-06-15_05:30:49.224,1,1,1,1,2.2250,2.2250,2.2250,2.2250,2.2200,0.0000,2.2200,2.2200,-10.2400,-10.2400,-10.2400,-10.2400,-10.2400,-10.2400,-10.2400,-10.2400
2025-06-15_05:30:50.228,1,1,1,1,2.2200,2.2250,2.2250,2.2250,2.2200,0.0000,2.2200,2.2200,-10.2400,-10.2400,-10.2400,-10.2400,-10.2400,-10.2400,-10.2400,-10.2400
2025-06-15_05:30:51.232,1,1,1,1,2.2250,2.2250,2.2250,2.2250,2.2200,0.0000,2.2200,2.2200,-10.2400,-10.2400,-10.2400,-10.2400,-10.2400,-10.2400,-10.2400,-10.2400
2025-06-15_05:30:52.236,1,1,1,1,2.2200,2.2250,2.2250,2.2250,2.2200,0.0000,2.2200,2.2200,-10.2400,-10.2400,-10.2400,-10.2400,-10.2400,-10.2400,-10.2400,-10.2400
2025-06-15_05:30:53.240,1,1,1,1,2.2200,2.2250,2.2250,2.2250,2.2200,0.0000,2.2200,2.2200,-10.2400,-10.2400,-10.2400,-10.2400,-10.2400,-10.2400,-10.2400,-10.2400
2025-06-15_05:30:54.245,1,1,1,1,2.2250,2.2250,2.2250,2.2250,2.2200,0.0000,2.2200,2.2200,-10.2400,-10.2400,-10.2400,-10.2400,-10.2400,-10.2400,-10.2400,-10.2400
2025-06-15_05:30:55.248,1,1,1,1,2.2200,2.2250,2.2250,2.2250,2.2200,0.0000,2.2200,2.2200,-10.2400,-10.2400,-10.2400,-10.2400,-10.2400,-10.2400,-10.2400,-10.2400
2025-06-15_05:30:56.253,1,1,1,1,2.2200,2.2250,2.2250,2.2250,2.2200,0.0000,2.2200,2.2200,-10.2400,-10.2400,-10.2400,-10.2400,-10.2400,-10.2400,-10.2400,-10.2400
2025-06-15_05:30:57.257,1,1,1,1,2.2200,2.2250,2.2250,2.2250,2.2200,0.0000,2.2200,2.2200,-10.2400,-10.2400,-10.2400,-10.2400,-10.2400,-10.2400,-10.2400,-10.2400
2025-06-15_05:30:58.260,1,1,1,1,2.2200,2.2250,2.2250,2.2250,2.2200,0.0000,2.2200,2.2200,-10.2400,-10.2400,-10.2400,-10.2400,-10.2400,-10.2400,-10.2400,-10.2400
2025-06-15_05:30:59.265,1,1,1,1,2.2250,2.2250,2.2250,2.2250,2.2200,0.0000,2.2200,2.2200,-10.2400,-10.2400,-10.2400,-10.2400,-10.2400,-10.2400,-10.2400,-10.2400
2025-06-15_05:31:00.269,1,1,1,1,2.2250,2.2250,2.2250,2.2250,2.2200,0.0000,2.2200,2.2200,-10.2400,-10.2400,-10.2400,-10.2400,-10.2400,-10.2400,-10.2400,-10.2400
2025-06-15_05:31:01.274,1,1,1,1,2.2250,2.2250,2.2250,2.2250,2.2200,0.0000,2.2200,2.2200,-10.2400,-10.2400,-10.2400,-10.2400,-10.2400,-10.2400,-10.2400,-10.2400
2025-06-15_05:31:02.278,1,1,1,1,2.2200,2.2250,2.2250,2.2250,2.2200,0.0000,2.2200,2.2200,-10.2400,-10.2400,-10.2400,-10.2400,-10.2400,-10.2400,-10.2400,-10.2400
2025-06-15_05:31:03.283,1,1,1,1,2.2200,2.2250,2.2250,2.2250,2.2200,0.0000,2.2200,2.2200,-10.2400,-10.2400,-10.2400,-10.2400,-10.2400,-10.2400,-10.2400,-10.2400
2025-06-15_05:31:04.287,1,1,1,1,2.2250,2.2250,2.2250,2.2250,2.2200,0.0000,2.2200,2.2200,-10.2400,-10.2400,-10.2400,-10.2400,-10.2400,-10.2400,-10.2400,-10.2400
2025-06-15_05:31:05.290,1,1,1,1,2.2250,2.2250,2.2250,2.2250,2.2200,0.0000,2.2200,2.2200,-10.2400,-10.2400,-10.2400,-10.2400,-10.2400,-10.2400,-10.2400,-10.2400
2025-06-15_05:31:06.295,1,1,1,1,2.2250,2.2250,2.2250,2.2250,2.2200,0.0000,2.2200,2.2200,-10.2400,-10.2400,-10.2400,-10.2400,-10.2400,-10.2400,-10.2400,-10.2400
2025-06-15_05:31:07.300,1,1,1,1,2.2200,2.2250,2.2250,2.2250,2.2200,0.0000,2.2200,2.2200,-10.2400,-10.2400,-10.2400,-10.2400,-10.2400,-10.2400,-10.2400,-10.2400
2025-06-15_05:31:08.305,1,1,1,1,2.2200,2.2250,2.2250,2.2250,2.2200,0.0000,2.2200,2.2200,-10.2400,-10.2400,-10.2400,-10.2400,-10.2400,-10.2400,-10.2400,-10.2400
2025-06-15_05:31:09.309,1,1,1,1,2.2250,2.2250,2.2250,2.2250,2.2200,0.0000,2.2200,2.2200,-10.2400,-10.2400,-10.2400,-10.2400,-10.2400,-10.2400,-10.2400,-10.2400
2025-06-15_05:31:10.314,1,1,1,1,2.2250,2.2250,2.2250,2.2250,2.2200,0.0000,2.2200,2.2200,-10.2400,-10.2400,-10.2400,-10.2400,-10.2400,-10.2400,-10.2400,-10.2400
2025-06-15_05:31:11.319,1,1,1,1,2.2200,2.2250,2.2250,2.2250,2.2200,0.0000,2.2200,2.2200,-10.2400,-10.2400,-10.2400,-10.2400,-10.2400,-10.2400,-10.2400,-10.2400
2025-06-15_05:31:12.324,1,1,1,1,2.2200,2.2250,2.2250,2.2250,2.2200,0.0000,2.2200,2.2200,-10.2400,-10.2400,-10.2400,-10.2400,-10.2400,-10.2400,-10.2400,-10.2400
2025-06-15_05:31:13.328,1,1,1,1,2.2200,2.2250,2.2250,2.2250,2.2200,0.0000,2.2200,2.2200,-10.2400,-10.2400,-10.2400,-10.2400,-10.2400,-10.2400,-10.2400,-10.2400
2025-06-15_05:31:14.332,1,1,1,1,2.2250,2.2250,2.2250,2.2250,2.2200,0.0000,2.2200,2.2200,-10.2400,-10.2400,-10.2400,-10.2400,-10.2400,-10.2400,-10.2400,-10.2400
2025-06-15_05:31:15.336,1,1,1,1,2.2250,2.2250,2.2250,2.2250,2.2200,0.0000,2.2200,2.2200,-10.2400,-10.2400,-10.2400,-10.2400,-10.2400,-10.2400,-10.2400,-10.2400
2025-06-15_05:31:16.341,1,1,1,1,2.2250,2.2250,2.2250,2.2250,2.2200,0.0000,2.2200,2.2200,-10.2400,-10.2400,-10.2400,-10.2400,-10.2400,-10.2400,-10.2400,-10.2400
2025-06-15_05:31:17.346,1,1,1,1,2.2250,2.2250,2.2250,2.2250,2.2200,0.0000,2.2200,2.2200,-10.2400,-10.2400,-10.2400,-10.2400,-10.2400,-10.2400,-10.2400,-10.2400
2025-06-15_05:31:18.351,1,1,1,1,2.2250,2.2250,2.2250,2.2250,2.2200,0.0000,2.2200,2.2200,-10.2400,-10.2400,-10.2400,-10.2400,-10.2400,-10.2400,-10.2400,-10.2400
2025-06-15_05:31:19.355,1,1,1,1,2.2200,2.2250,2.2250,2.2250,2.2200,0.0000,2.2200,2.2200,-10.2400,-10.2400,-10.2400,-10.2400,-10.2400,-10.2400,-10.2400,-10.2400
2025-06-15_05:31:20.359,1,1,1,1,2.2250,2.2250,2.2250,2.2250,2.2200,0.0000,2.2200,2.2200,-10.2400,-10.2400,-10.2400,-10.2400,-10.2400,-10.2400,-10.2400,-10.2400
2025-06-15_05:31:21.363,1,1,1,1,2.2250,2.2250,2.2250,2.2250,2.2200,0.0000,2.2200,2.2200,-10.2400,-10.2400,-10.2400,-10.2400,-10.2400,-10.2400,-10.2400,-10.2400
2025-06-15_05:31:22.368,1,1,1,1,2.2250,2.2250,2.2250,2.2250,2.2200,0.0000,2.2200,2.2200,-10.2400,-10.2400,-10.2400,-10.2400,-10.2400,-10.2400,-10.2400,-10.2400
2025-06-15_05:31:23.372,1,1,1,1,2.2250,2.2250,2.2250,2.2250,2.2200,0.0000,2.2200,2.2200,-10.2400,-10.2400,-10.2400,-10.2400,-10.2400,-10.2400,-10.2400,-10.2400
2025-06-15_05:31:24.376,1,1,1,1,2.2250,2.2250,2.2250,2.2250,2.2200,0.0000,2.2200,2.2200,-10.2400,-10.2400,-10.2400,-10.2400,-10.2400,-10.2400,-10.2400,-10.2400
2025-06-15_05:31:25.379,1,1,1,1,2.2250,2.2250,2.2250,2.2250,2.2200,0.0000,2.2200,2.2200,-10.2400,-10.2400,-10.2400,-10.2400,-10.2400,-10.2400,-10.2400,-10.2400
2025-06-15_05:31:26.383,1,1,1,1,2.2250,2.2250,2.2250,2.2250,2.2200,0.0000,2.2200,2.2200,-10.2400,-10.2400,-10.2400,-10.2400,-10.2400,-10.2400,-10.2400,-10.2400
2025-06-15_05:31:27.387,1,1,1,1,2.2250,2.2250,2.2250,2.2250,2.2200,0.0000,2.2200,2.2200,-10.2400,-10.2400,-10.2400,-10.2400,-10.2400,-10.2400,-10.2400,-10.2400
2025-06-15_05:31:28.391,1,1,1,1,2.2250,2.2250,2.2250,2.2250,2.2200,0.0000,2.2200,2.2200,-10.2400,-10.2400,-10.2400,-10.2400,-10.2400,-10.2400,-10.2400,-10.2400
2025-06-15_05:31:29.394,1,1,1,1,2.2250,2.2250,2.2250,2.2250,2.2200,0.0000,2.2200,2.2200,-10.2400,-10.2400,-10.2400,-10.2400,-10.2400,-10.2400,-10.2400,-10.2400
2025-06-15_05:31:30.398,1,1,1,1,2.2250,2.2250,2.2250,2.2250,2.2200,0.0000,2.2200,2.2200,-10.2400,-10.2400,-10.2400,-10.2400,-10.2400,-10.2400,-10.2400,-10.2400
2025-06-15_05:31:31.401,1,1,1,1,2.2250,2.2250,2.2250,2.2250,2.2200,0.0000,2.2200,2.2200,-10.2400,-10.2400,-10.2400,-10.2400,-10.2400,-10.2400,-10.2400,-10.2400
2025-06-15_05:31:32.404,1,1,1,1,2.2250,2.2250,2.2250,2.2250,2.2200,0.0000,2.2200,2.2200,-10.2400,-10.2400,-10.2400,-10.2400,-10.2400,-10.2400,-10.2400,-10.2400
2025-06-15_05:31:33.408,1,1,1,1,2.2200,2.2250,2.2250,2.2250,2.2200,0.0000,2.2200,2.2200,-10.2400,-10.2400,-10.2400,-10.2400,-10.2400,-10.2400,-10.2400,-10.2400
2025-06-15_05:31:34.412,1,1,1,1,2.2200,2.2250,2.2250,2.2250,2.2200,0.0000,2.2200,2.2200,-10.2400,-10.2400,-10.2400,-10.2400,-10.2400,-10.2400,-10.2400,-10.2400
2025-06-15_05:31:35.417,1,1,1,1,2.2250,2.2250,2.2250,2.2250,2.2200,0.0000,2.2200,2.2200,-10.2400,-10.2400,-10.2400,-10.2400,-10.2400,-10.2400,-10.2400,-10.2400
2025-06-15_05:31:36.422,1,1,1,1,2.2250,2.2250,2.2250,2.2250,2.2200,0.0000,2.2200,2.2200,-10.2400,-10.2400,-10.2400,-10.2400,-10.2400,-10.2400,-10.2400,-10.2400
2025-06-15_05:31:37.426,1,1,1,1,2.2200,2.2250,2.2250,2.2250,2.2200,0.0000,2.2200,2.2200,-10.2400,-10.2400,-10.2400,-10.2400,-10.2400,-10.2400,-10.2400,-10.2400
2025-06-15_05:31:38.430,1,1,1,1,2.2250,2.2250,2.2250,2.2250,2.2200,0.0000,2.2200,2.2200,-10.2400,-10.2400,-10.2400,-10.2400,-10.2400,-10.2400,-10.2400,-10.2400
2025-06-15_05:31:39.435,1,1,1,1,2.2250,2.2250,2.2250,2.2250,2.2200,0.0000,2.2200,2.2200,-10.2400,-10.2400,-10.2400,-10.2400,-10.2400,-10.2400,-10.2400,-10.2400
2025-06-15_05:31:40.439,1,1,1,1,2.2200,2.2250,2.2250,2.2250,2.2200,0.0000,2.2200,2.2200,-10.2400,-10.2400,-10.2400,-10.2400,-10.2400,-10.2400,-10.2400,-10.2400
2025-06-15_05:31:41.443,1,1,1,1,2.2250,2.2250,2.2250,2.2250,2.2200,0.0000,2.2200,2.2200,-10.2400,-10.2400,-10.2400,-10.2400,-10.2400,-10.2400,-10.2400,-10.2400
2025-06-15_05:31:42.447,1,1,1,1,2.2250,2.2250,2.2250,2.2250,2.2200,0.0000,2.2200,2.2200,-10.2400,-10.2400,-10.2400,-10.2400,-10.2400,-10.2400,-10.2400,-10.2400
2025-06-15_05:31:43.451,1,1,1,1,2.2250,2.2250,2.2250,2.2250,2.2200,0.0000,2.2200,2.2200,-10.2400,-10.2400,-10.2400,-10.2400,-10.2400,-10.2400,-10.2400,-10.2400
2025-06-15_05:31:44.455,1,1,1,1,2.2250,2.2250,2.2250,2.2250,2.2200,0.0000,2.2200,2.2200,-10.2400,-10.2400,-10.2400,-10.2400,-10.2400,-10.2400,-10.2400,-10.2400
2025-06-15_05:31:45.460,1,1,1,1,2.2250,2.2250,2.2250,2.2250,2.2200,0.0000,2.2200,2.2200,-10.2400,-10.2400,-10.2400,-10.2400,-10.2400,-10.2400,-10.2400,-10.2400
2025-06-15_05:31:46.464,1,1,1,1,2.2250,2.2250,2.2250,2.2250,2.2200,0.0000,2.2200,2.2200,-10.2400,-10.2400,-10.2400,-10.2400,-10.2400,-10.2400,-10.2400,-10.2400
2025-06-15_05:31:47.469,1,1,1,1,2.2250,2.2250,2.2250,2.2250,2.2200,0.0000,2.2200,2.2200,-10.2400,-10.2400,-10.2400,-10.2400,-10.2400,-10.2400,-10.2400,-10.2400
2025-06-15_05:31:48.473,1,1,1,1,2.2250,2.2250,2.2250,2.2250,2.2200,0.0000,2.2200,2.2200,-10.2400,-10.2400,-10.2400,-10.2400,-10.2400,-10.2400,-10.2400,-10.2400
2025-06-15_05:31:49.478,1,1,1,1,2.2250,2.2250,2.2250,2.2250,2.2200,0.0000,2.2200,2.2200,-10.2400,-10.2400,-10.2400,-10.2400,-10.2400,-10.2400,-10.2400,-10.2400
2025-06-15_05:31:50.483,1,1,1,1,2.2250,2.2250,2.2250,2.2250,2.2200,0.0000,2.2200,2.2200,-10.2400,-10.2400,-10.2400,-10.2400,-10.2400,-10.2400,-10.2400,-10.2400
2025-06-15_05:31:51.488,1,1,1,1,2.2250,2.2250,2.2250,2.2250,2.2200,0.0000,2.2200,2.2200,-10.2400,-10.2400,-10.2400,-10.2400,-10.2400,-10.2400,-10.2400,-10.2400
2025-06-15_05:31:52.493,1,1,1,1,2.2250,2.2250,2.2250,2.2250,2.2200,0.0000,2.2200,2.2200,-10.2400,-10.2400,-10.2400,-10.2400,-10.2400,-10.2400,-10.2400,-10.2400
2025-06-15_05:31:53.497,1,1,1,1,2.2250,2.2250,2.2200,2.2250,2.2200,0.0000,2.2200,2.2200,-10.2400,-10.2400,-10.2400,-10.2400,-10.2400,-10.2400,-10.2400,-10.2400
2025-06-15_05:31:54.500,1,1,1,1,2.2250,2.2250,2.2250,2.2250,2.2200,0.0000,2.2200,2.2200,-10.2400,-10.2400,-10.2400,-10.2400,-10.2400,-10.2400,-10.2400,-10.2400
2025-06-15_05:31:55.504,1,1,1,1,2.2250,2.2250,2.2250,2.2250,2.2200,0.0000,2.2200,2.2200,-10.2400,-10.2400,-10.2400,-10.2400,-10.2400,-10.2400,-10.2400,-10.2400
2025-06-15_05:31:56.508,1,1,1,1,2.2250,2.2250,2.2250,2.2250,2.2200,0.0000,2.2200,2.2200,-10.2400,-10.2400,-10.2400,-10.2400,-10.2400,-10.2400,-10.2400,-10.2400
2025-06-15_05:31:57.511,1,1,1,1,2.2200,2.2250,2.2250,2.2250,2.2200,0.0000,2.2200,2.2200,-10.2400,-10.2400,-10.2400,-10.2400,-10.2400,-10.2400,-10.2400,-10.2400
2025-06-15_05:31:58.517,1,1,1,1,2.2200,2.2250,2.2250,2.2250,2.2200,0.0000,2.2200,2.2200,-10.2400,-10.2400,-10.2400,-10.2400,-10.2400,-10.2400,-10.2400,-10.2400
2025-06-15_05:31:59.522,1,1,1,1,2.2250,2.2250,2.2250,2.2250,2.2200,0.0000,2.2200,2.2200,-10.2400,-10.2400,-10.2400,-10.2400,-10.2400,-10.2400,-10.2400,-10.2400
2025-06-15_05:32:00.526,1,1,1,1,2.2250,2.2250,2.2250,2.2250,2.2200,0.0000,2.2200,2.2200,-10.2400,-10.2400,-10.2400,-10.2400,-10.2400,-10.2400,-10.2400,-10.2400
2025-06-15_05:32:01.530,1,1,1,1,2.2250,2.2250,2.2250,2.2250,2.2200,0.0000,2.2200,2.2200,-10.2400,-10.2400,-10.2400,-10.2400,-10.2400,-10.2400,-10.2400,-10.2400
2025-06-15_05:32:02.533,1,1,1,1,2.2250,2.2250,2.2250,2.2250,2.2200,0.0000,2.2200,2.2200,-10.2400,-10.2400,-10.2400,-10.2400,-10.2400,-10.2400,-10.2400,-10.2400
2025-06-15_05:32:03.536,1,1,1,1,2.2250,2.2250,2.2250,2.2250,2.2200,0.0000,2.2200,2.2200,-10.2400,-10.2400,-10.2400,-10.2400,-10.2400,-10.2400,-10.2400,-10.2400
2025-06-15_05:32:04.540,1,1,1,1,2.2250,2.2250,2.2250,2.2250,2.2200,0.0000,2.2200,2.2200,-10.2400,-10.2400,-10.2400,-10.2400,-10.2400,-10.2400,-10.2400,-10.2400
2025-06-15_05:32:05.543,1,1,1,1,2.2250,2.2250,2.2250,2.2250,2.2200,0.0000,2.2200,2.2200,-10.2400,-10.2400,-10.2400,-10.2400,-10.2400,-10.2400,-10.2400,-10.2400
2025-06-15_05:32:06.547,1,1,1,1,2.2250,2.2250,2.2250,2.2250,2.2200,0.0000,2.2200,2.2200,-10.2400,-10.2400,-10.2400,-10.2400,-10.2400,-10.2400,-10.2400,-10.2400
2025-06-15_05:32:07.552,1,1,1,1,2.2200,2.2250,2.2250,2.2250,2.2200,0.0000,2.2200,2.2200,-10.2400,-10.2400,-10.2400,-10.2400,-10.2400,-10.2400,-10.2400,-10.2400
2025-06-15_05:32:08.556,1,1,1,1,2.2250,2.2250,2.2250,2.2250,2.2200,0.0000,2.2200,2.2200,-10.2400,-10.2400,-10.2400,-10.2400,-10.2400,-10.2400,-10.2400,-10.2400
2025-06-15_05:32:09.561,1,1,1,1,2.2250,2.2250,2.2250,2.2250,2.2200,0.0000,2.2200,2.2200,-10.2400,-10.2400,-10.2400,-10.2400,-10.2400,-10.2400,-10.2400,-10.2400
2025-06-15_05:32:10.565,1,1,1,1,2.2250,2.2250,2.2250,2.2250,2.2200,0.0000,2.2200,2.2200,-10.2400,-10.2400,-10.2400,-10.2400,-10.2400,-10.2400,-10.2400,-10.2400
2025-06-15_05:32:11.569,1,1,1,1,2.2250,2.2250,2.2250,2.2250,2.2200,0.0000,2.2200,2.2200,-10.2400,-10.2400,-10.2400,-10.2400,-10.2400,-10.2400,-10.2400,-10.2400
2025-06-15_05:32:12.574,1,1,1,1,2.2250,2.2250,2.2250,2.2250,2.2200,0.0000,2.2200,2.2200,-10.2400,-10.2400,-10.2400,-10.2400,-10.2400,-10.2400,-10.2400,-10.2400
2025-06-15_05:32:13.578,1,1,1,1,2.2250,2.2250,2.2250,2.2250,2.2200,0.0000,2.2200,2.2200,-10.2400,-10.2400,-10.2400,-10.2400,-10.2400,-10.2400,-10.2400,-10.2400
2025-06-15_05:32:14.582,1,1,1,1,2.2250,2.2250,2.2250,2.2250,2.2200,0.0000,2.2200,2.2200,-10.2400,-10.2400,-10.2400,-10.2400,-10.2400,-10.2400,-10.2400,-10.2400
2025-06-15_05:32:15.586,1,1,1,1,2.2250,2.2250,2.2250,2.2250,2.2200,0.0000,2.2200,2.2200,-10.2400,-10.2400,-10.2400,-10.2400,-10.2400,-10.2400,-10.2400,-10.2400
2025-06-15_05:32:16.591,1,1,1,1,2.2250,2.2250,2.2250,2.2250,2.2200,0.0000,2.2200,2.2200,-10.2400,-10.2400,-10.2400,-10.2400,-10.2400,-10.2400,-10.2400,-10.2400
2025-06-15_05:32:17.594,1,1,1,1,2.2250,2.2250,2.2250,2.2250,2.2200,0.0000,2.2200,2.2200,-10.2400,-10.2400,-10.2400,-10.2400,-10.2400,-10.2400,-10.2400,-10.2400
2025-06-15_05:32:18.601,1,1,1,1,2.2200,2.2250,2.2250,2.2250,2.2200,0.0000,2.2200,2.2200,-10.2400,-10.2400,-10.2400,-10.2400,-10.2400,-10.2400,-10.2400,-10.2400
2025-06-15_05:32:19.605,1,1,1,1,2.2250,2.2250,2.2250,2.2250,2.2200,0.0000,2.2200,2.2200,-10.2400,-10.2400,-10.2400,-10.2400,-10.2400,-10.2400,-10.2400,-10.2400
2025-06-15_05:32:20.609,1,1,1,1,2.2200,2.2250,2.2250,2.2250,2.2200,0.0000,2.2200,2.2200,-10.2400,-10.2400,-10.2400,-10.2400,-10.2400,-10.2400,-10.2400,-10.2400
2025-06-15_05:32:21.614,1,1,1,1,2.2200,2.2250,2.2250,2.2250,2.2200,0.0000,2.2200,2.2200,-10.2400,-10.2400,-10.2400,-10.2400,-10.2400,-10.2400,-10.2400,-10.2400
2025-06-15_05:32:22.618,1,1,1,1,2.2250,2.2250,2.2250,2.2250,2.2200,0.0000,2.2200,2.2200,-10.2400,-10.2400,-10.2400,-10.2400,-10.2400,-10.2400,-10.2400,-10.2400
2025-06-15_05:32:23.623,1,1,1,1,2.2250,2.2250,2.2250,2.2250,2.2200,0.0000,2.2200,2.2200,-10.2400,-10.2400,-10.2400,-10.2400,-10.2400,-10.2400,-10.2400,-10.2400
2025-06-15_05:32:24.628,1,1,1,1,2.2250,2.2250,2.2250,2.2250,2.2200,0.0000,2.2200,2.2200,-10.2400,-10.2400,-10.2400,-10.2400,-10.2400,-10.2400,-10.2400,-10.2400
2025-06-15_05:32:25.633,1,1,1,1,2.2250,2.2250,2.2250,2.2250,2.2200,0.0000,2.2200,2.2200,-10.2400,-10.2400,-10.2400,-10.2400,-10.2400,-10.2400,-10.2400,-10.2400
2025-06-15_05:32:26.637,1,1,1,1,2.2250,2.2250,2.2250,2.2250,2.2200,0.0000,2.2200,2.2200,-10.2400,-10.2400,-10.2400,-10.2400,-10.2400,-10.2400,-10.2400,-10.2400
2025-06-15_05:32:27.641,1,1,1,1,2.2250,2.2250,2.2250,2.2250,2.2200,0.0000,2.2200,2.2200,-10.2400,-10.2400,-10.2400,-10.2400,-10.2400,-10.2400,-10.2400,-10.2400
2025-06-15_05:32:28.647,1,1,1,1,2.2200,2.2250,2.2250,2.2250,2.2200,0.0000,2.2200,2.2200,-10.2400,-10.2400,-10.2400,-10.2400,-10.2400,-10.2400,-10.2400,-10.2400
2025-06-15_05:32:29.651,1,1,1,1,2.2250,2.2250,2.2250,2.2250,2.2200,0.0000,2.2200,2.2200,-10.2400,-10.2400,-10.2400,-10.2400,-10.2400,-10.2400,-10.2400,-10.2400
2025-06-15_05:32:30.655,1,1,1,1,2.2250,2.2250,2.2250,2.2250,2.2200,0.0000,2.2200,2.2200,-10.2400,-10.2400,-10.2400,-10.2400,-10.2400,-10.2400,-10.2400,-10.2400
2025-06-15_05:32:31.659,1,1,1,1,2.2200,2.2250,2.2250,2.2250,2.2200,0.0000,2.2200,2.2200,-10.2400,-10.2400,-10.2400,-10.2400,-10.2400,-10.2400,-10.2400,-10.2400
2025-06-15_05:32:32.664,1,1,1,1,2.2250,2.2250,2.2250,2.2250,2.2200,0.0000,2.2200,2.2200,-10.2400,-10.2400,-10.2400,-10.2400,-10.2400,-10.2400,-10.2400,-10.2400
2025-06-15_05:32:33.668,1,1,1,1,2.2250,2.2250,2.2250,2.2250,2.2200,0.0000,2.2200,2.2200,-10.2400,-10.2400,-10.2400,-10.2400,-10.2400,-10.2400,-10.2400,-10.2400
2025-06-15_05:32:34.673,1,1,1,1,2.2250,2.2250,2.2250,2.2250,2.2200,0.0000,2.2200,2.2200,-10.2400,-10.2400,-10.2400,-10.2400,-10.2400,-10.2400,-10.2400,-10.2400
2025-06-15_05:32:35.677,1,1,1,1,2.2250,2.2250,2.2250,2.2250,2.2200,0.0000,2.2200,2.2200,-10.2400,-10.2400,-10.2400,-10.2400,-10.2400,-10.2400,-10.2400,-10.2400
2025-06-15_05:32:36.680,1,1,1,1,2.2250,2.2250,2.2250,2.2250,2.2200,0.0000,2.2200,2.2200,-10.2400,-10.2400,-10.2400,-10.2400,-10.2400,-10.2400,-10.2400,-10.2400
2025-06-15_05:32:37.685,1,1,1,1,2.2250,2.2250,2.2250,2.2250,2.2200,0.0000,2.2200,2.2200,-10.2400,-10.2400,-10.2400,-10.2400,-10.2400,-10.2400,-10.2400,-10.2400
2025-06-15_05:32:38.690,1,1,1,1,2.2250,2.2250,2.2250,2.2250,2.2200,0.0000,2.2200,2.2200,-10.2400,-10.2400,-10.2400,-10.2400,-10.2400,-10.2400,-10.2400,-10.2400
2025-06-15_05:32:39.693,1,1,1,1,2.2250,2.2250,2.2250,2.2250,2.2200,0.0000,2.2200,2.2200,-10.2400,-10.2400,-10.2400,-10.2400,-10.2400,-10.2400,-10.2400,-10.2400
2025-06-15_05:32:40.698,1,1,1,1,2.2250,2.2250,2.2250,2.2250,2.2200,0.0000,2.2200,2.2200,-10.2400,-10.2400,-10.2400,-10.2400,-10.2400,-10.2400,-10.2400,-10.2400
2025-06-15_05:32:41.702,1,1,1,1,2.2250,2.2250,2.2250,2.2250,2.2200,0.0000,2.2200,2.2200,-10.2400,-10.2400,-10.2400,-10.2400,-10.2400,-10.2400,-10.2400,-10.2400
2025-06-15_05:32:42.706,1,1,1,1,2.2200,2.2250,2.2250,2.2250,2.2200,0.0000,2.2200,2.2200,-10.2400,-10.2400,-10.2400,-10.2400,-10.2400,-10.2400,-10.2400,-10.2400
2025-06-15_05:32:43.710,1,1,1,1,2.2250,2.2250,2.2250,2.2250,2.2200,0.0000,2.2200,2.2200,-10.2400,-10.2400,-10.2400,-10.2400,-10.2400,-10.2400,-10.2400,-10.2400
2025-06-15_05:32:44.715,1,1,1,1,2.2250,2.2250,2.2250,2.2250,2.2200,0.0000,2.2200,2.2200,-10.2400,-10.2400,-10.2400,-10.2400,-10.2400,-10.2400,-10.2400,-10.2400
2025-06-15_05:32:45.719,1,1,1,1,2.2250,2.2250,2.2250,2.2250,2.2200,0.0000,2.2200,2.2200,-10.2400,-10.2400,-10.2400,-10.2400,-10.2400,-10.2400,-10.2400,-10.2400
2025-06-15_05:32:46.723,1,1,1,1,2.2200,2.2250,2.2250,2.2250,2.2200,0.0000,2.2200,2.2200,-10.2400,-10.2400,-10.2400,-10.2400,-10.2400,-10.2400,-10.2400,-10.2400
2025-06-15_05:32:47.727,1,1,1,1,2.2250,2.2250,2.2250,2.2250,2.2200,0.0000,2.2200,2.2200,-10.2400,-10.2400,-10.2400,-10.2400,-10.2400,-10.2400,-10.2400,-10.2400
2025-06-15_05:32:48.733,1,1,1,1,2.2250,2.2250,2.2250,2.2250,2.2200,0.0000,2.2200,2.2200,-10.2400,-10.2400,-10.2400,-10.2400,-10.2400,-10.2400,-10.2400,-10.2400
2025-06-15_05:32:49.737,1,1,1,1,2.2250,2.2250,2.2250,2.2250,2.2200,0.0000,2.2200,2.2200,-10.2400,-10.2400,-10.2400,-10.2400,-10.2400,-10.2400,-10.2400,-10.2400
2025-06-15_05:32:50.741,1,1,1,1,2.2250,2.2250,2.2250,2.2250,2.2200,0.0000,2.2200,2.2200,-10.2400,-10.2400,-10.2400,-10.2400,-10.2400,-10.2400,-10.2400,-10.2400
2025-06-15_05:32:51.744,1,1,1,1,2.2200,2.2250,2.2250,2.2250,2.2200,0.0000,2.2200,2.2200,-10.2400,-10.2400,-10.2400,-10.2400,-10.2400,-10.2400,-10.2400,-10.2400
2025-06-15_05:32:52.749,1,1,1,1,2.2250,2.2250,2.2250,2.2250,2.2200,0.0000,2.2200,2.2200,-10.2400,-10.2400,-10.2400,-10.2400,-10.2400,-10.2400,-10.2400,-10.2400
2025-06-15_05:32:53.754,1,1,1,1,2.2250,2.2250,2.2250,2.2250,2.2200,0.0000,2.2200,2.2200,-10.2400,-10.2400,-10.2400,-10.2400,-10.2400,-10.2400,-10.2400,-10.2400
2025-06-15_05:32:54.759,1,1,1,1,2.2250,2.2250,2.2250,2.2250,2.2200,0.0000,2.2200,2.2200,-10.2400,-10.2400,-10.2400,-10.2400,-10.2400,-10.2400,-10.2400,-10.2400
2025-06-15_05:32:55.763,1,1,1,1,2.2250,2.2250,2.2250,2.2250,2.2200,0.0000,2.2200,2.2200,-10.2400,-10.2400,-10.2400,-10.2400,-10.2400,-10.2400,-10.2400,-10.2400
2025-06-15_05:32:56.767,1,1,1,1,2.2250,2.2250,2.2250,2.2250,2.2200,0.0000,2.2200,2.2200,-10.2400,-10.2400,-10.2400,-10.2400,-10.2400,-10.2400,-10.2400,-10.2400
2025-06-15_05:32:57.771,1,1,1,1,2.2250,2.2250,2.2250,2.2250,2.2200,0.0000,2.2200,2.2200,-10.2400,-10.2400,-10.2400,-10.2400,-10.2400,-10.2400,-10.2400,-10.2400
2025-06-15_05:32:58.776,1,1,1,1,2.2250,2.2250,2.2250,2.2250,2.2200,0.0000,2.2200,2.2200,-10.2400,-10.2400,-10.2400,-10.2400,-10.2400,-10.2400,-10.2400,-10.2400
2025-06-15_05:32:59.779,1,1,1,1,2.2250,2.2250,2.2250,2.2250,2.2200,0.0000,2.2200,2.2200,-10.2400,-10.2400,-10.2400,-10.2400,-10.2400,-10.2400,-10.2400,-10.2400
2025-06-15_05:33:00.783,1,1,1,1,2.2200,2.2250,2.2200,2.2250,2.2200,0.0000,2.2200,2.2200,-10.2400,-10.2400,-10.2400,-10.2400,-10.2400,-10.2400,-10.2400,-10.2400
2025-06-15_05:33:01.786,1,1,1,1,2.2250,2.2250,2.2250,2.2250,2.2200,0.0000,2.2200,2.2200,-10.2400,-10.2400,-10.2400,-10.2400,-10.2400,-10.2400,-10.2400,-10.2400
2025-06-15_05:33:02.791,1,1,1,1,2.2250,2.2250,2.2250,2.2250,2.2200,0.0000,2.2200,2.2200,-10.2400,-10.2400,-10.2400,-10.2400,-10.2400,-10.2400,-10.2400,-10.2400
2025-06-15_05:33:03.795,1,1,1,1,2.2250,2.2250,2.2250,2.2250,2.2200,0.0000,2.2200,2.2200,-10.2400,-10.2400,-10.2400,-10.2400,-10.2400,-10.2400,-10.2400,-10.2400
2025-06-15_05:33:04.799,1,1,1,1,2.2250,2.2250,2.2250,2.2250,2.2200,0.0000,2.2200,2.2200,-10.2400,-10.2400,-10.2400,-10.2400,-10.2400,-10.2400,-10.2400,-10.2400
2025-06-15_05:33:05.804,1,1,1,1,2.2250,2.2250,2.2250,2.2250,2.2200,0.0000,2.2200,2.2200,-10.2400,-10.2400,-10.2400,-10.2400,-10.2400,-10.2400,-10.2400,-10.2400
2025-06-15_05:33:06.808,1,1,1,1,2.2250,2.2250,2.2250,2.2250,2.2200,0.0000,2.2200,2.2200,-10.2400,-10.2400,-10.2400,-10.2400,-10.2400,-10.2400,-10.2400,-10.2400
2025-06-15_05:33:07.812,1,1,1,1,2.2250,2.2250,2.2250,2.2250,2.2200,0.0000,2.2200,2.2200,-10.2400,-10.2400,-10.2400,-10.2400,-10.2400,-10.2400,-10.2400,-10.2400
2025-06-15_05:33:08.816,1,1,1,1,2.2250,2.2250,2.2250,2.2250,2.2200,0.0000,2.2200,2.2200,-10.2400,-10.2400,-10.2400,-10.2400,-10.2400,-10.2400,-10.2400,-10.2400
2025-06-15_05:33:09.820,1,1,1,1,2.2250,2.2250,2.2250,2.2250,2.2200,0.0000,2.2200,2.2200,-10.2400,-10.2400,-10.2400,-10.2400,-10.2400,-10.2400,-10.2400,-10.2400
2025-06-15_05:33:10.825,1,1,1,1,2.2250,2.2250,2.2250,2.2250,2.2200,0.0000,2.2200,2.2200,-10.2400,-10.2400,-10.2400,-10.2400,-10.2400,-10.2400,-10.2400,-10.2400
2025-06-15_05:33:11.829,1,1,1,1,2.2250,2.2250,2.2250,2.2250,2.2200,0.0000,2.2200,2.2200,-10.2400,-10.2400,-10.2400,-10.2400,-10.2400,-10.2400,-10.2400,-10.2400
2025-06-15_05:33:12.833,1,1,1,1,2.2250,2.2250,2.2250,2.2250,2.2200,0.0000,2.2200,2.2200,-10.2400,-10.2400,-10.2400,-10.2400,-10.2400,-10.2400,-10.2400,-10.2400
2025-06-15_05:33:13.838,1,1,1,1,2.2250,2.2250,2.2250,2.2250,2.2200,0.0000,2.2200,2.2200,-10.2400,-10.2400,-10.2400,-10.2400,-10.2400,-10.2400,-10.2400,-10.2400
2025-06-15_05:33:14.842,1,1,1,1,2.2250,2.2250,2.2250,2.2250,2.2200,0.0000,2.2200,2.2200,-10.2400,-10.2400,-10.2400,-10.2400,-10.2400,-10.2400,-10.2400,-10.2400
2025-06-15_05:33:15.847,1,1,1,1,2.2200,2.2250,2.2250,2.2250,2.2200,0.0000,2.2200,2.2200,-10.2400,-10.2400,-10.2400,-10.2400,-10.2400,-10.2400,-10.2400,-10.2400
2025-06-15_05:33:16.851,1,1,1,1,2.2250,2.2250,2.2250,2.2250,2.2200,0.0000,2.2200,2.2200,-10.2400,-10.2400,-10.2400,-10.2400,-10.2400,-10.2400,-10.2400,-10.2400
2025-06-15_05:33:17.855,1,1,1,1,2.2200,2.2250,2.2250,2.2250,2.2200,0.0000,2.2200,2.2200,-10.2400,-10.2400,-10.2400,-10.2400,-10.2400,-10.2400,-10.2400,-10.2400
2025-06-15_05:33:18.860,1,1,1,1,2.2250,2.2250,2.2250,2.2250,2.2200,0.0000,2.2200,2.2200,-10.2400,-10.2400,-10.2400,-10.2400,-10.2400,-10.2400,-10.2400,-10.2400
2025-06-15_05:33:19.865,1,1,1,1,2.2250,2.2250,2.2250,2.2250,2.2200,0.0000,2.2200,2.2200,-10.2400,-10.2400,-10.2400,-10.2400,-10.2400,-10.2400,-10.2400,-10.2400
2025-06-15_05:33:20.869,1,1,1,1,2.2200,2.2250,2.2250,2.2250,2.2200,0.0000,2.2200,2.2200,-10.2400,-10.2400,-10.2400,-10.2400,-10.2400,-10.2400,-10.2400,-10.2400
2025-06-15_05:33:21.872,1,1,1,1,2.2250,2.2250,2.2250,2.2250,2.2200,0.0000,2.2200,2.2200,-10.2400,-10.2400,-10.2400,-10.2400,-10.2400,-10.2400,-10.2400,-10.2400
2025-06-15_05:33:22.877,1,1,1,1,2.2250,2.2250,2.2250,2.2250,2.2200,0.0000,2.2200,2.2200,-10.2400,-10.2400,-10.2400,-10.2400,-10.2400,-10.2400,-10.2400,-10.2400
2025-06-15_05:33:23.881,1,1,1,1,2.2250,2.2250,2.2250,2.2250,2.2200,0.0000,2.2200,2.2200,-10.2400,-10.2400,-10.2400,-10.2400,-10.2400,-10.2400,-10.2400,-10.2400
2025-06-15_05:33:24.885,1,1,1,1,2.2250,2.2250,2.2250,2.2250,2.2200,0.0000,2.2200,2.2200,-10.2400,-10.2400,-10.2400,-10.2400,-10.2400,-10.2400,-10.2400,-10.2400
2025-06-15_05:33:25.890,1,1,1,1,2.2200,2.2250,2.2250,2.2250,2.2200,0.0000,2.2200,2.2200,-10.2400,-10.2400,-10.2400,-10.2400,-10.2400,-10.2400,-10.2400,-10.2400
2025-06-15_05:33:26.894,1,1,1,1,2.2250,2.2250,2.2250,2.2250,2.2200,0.0000,2.2200,2.2200,-10.2400,-10.2400,-10.2400,-10.2400,-10.2400,-10.2400,-10.2400,-10.2400
2025-06-15_05:33:27.899,1,1,1,1,2.2250,2.2250,2.2250,2.2250,2.2200,0.0000,2.2200,2.2200,-10.2400,-10.2400,-10.2400,-10.2400,-10.2400,-10.2400,-10.2400,-10.2400
2025-06-15_05:33:28.903,1,1,1,1,2.2250,2.2250,2.2250,2.2250,2.2200,0.0000,2.2200,2.2200,-10.2400,-10.2400,-10.2400,-10.2400,-10.2400,-10.2400,-10.2400,-10.2400
2025-06-15_05:33:29.907,1,1,1,1,2.2250,2.2250,2.2250,2.2250,2.2200,0.0000,2.2200,2.2200,-10.2400,-10.2400,-10.2400,-10.2400,-10.2400,-10.2400,-10.2400,-10.2400
2025-06-15_05:33:30.910,1,1,1,1,2.2250,2.2250,2.2250,2.2250,2.2200,0.0000,2.2200,2.2200,-10.2400,-10.2400,-10.2400,-10.2400,-10.2400,-10.2400,-10.2400,-10.2400
2025-06-15_05:33:31.913,1,1,1,1,2.2250,2.2250,2.2250,2.2250,2.2200,0.0000,2.2200,2.2200,-10.2400,-10.2400,-10.2400,-10.2400,-10.2400,-10.2400,-10.2400,-10.2400
2025-06-15_05:33:32.916,1,1,1,1,2.2250,2.2250,2.2250,2.2250,2.2200,0.0000,2.2200,2.2200,-10.2400,-10.2400,-10.2400,-10.2400,-10.2400,-10.2400,-10.2400,-10.2400
2025-06-15_05:33:33.919,1,1,1,1,2.2200,2.2250,2.2250,2.2250,2.2200,0.0000,2.2200,2.2200,-10.2400,-10.2400,-10.2400,-10.2400,-10.2400,-10.2400,-10.2400,-10.2400
2025-06-15_05:33:34.923,1,1,1,1,2.2200,2.2250,2.2250,2.2250,2.2200,0.0000,2.2200,2.2200,-10.2400,-10.2400,-10.2400,-10.2400,-10.2400,-10.2400,-10.2400,-10.2400
2025-06-15_05:33:35.927,1,1,1,1,2.2250,2.2250,2.2250,2.2250,2.2200,0.0000,2.2200,2.2200,-10.2400,-10.2400,-10.2400,-10.2400,-10.2400,-10.2400,-10.2400,-10.2400
2025-06-15_05:33:36.931,1,1,1,1,2.2250,2.2250,2.2250,2.2250,2.2200,0.0000,2.2200,2.2200,-10.2400,-10.2400,-10.2400,-10.2400,-10.2400,-10.2400,-10.2400,-10.2400
2025-06-15_05:33:37.936,1,1,1,1,2.2250,2.2250,2.2250,2.2250,2.2200,0.0000,2.2200,2.2200,-10.2400,-10.2400,-10.2400,-10.2400,-10.2400,-10.2400,-10.2400,-10.2400
2025-06-15_05:33:38.941,1,1,1,1,2.2250,2.2250,2.2250,2.2250,2.2200,0.0000,2.2200,2.2200,-10.2400,-10.2400,-10.2400,-10.2400,-10.2400,-10.2400,-10.2400,-10.2400
2025-06-15_05:33:39.946,1,1,1,1,2.2250,2.2250,2.2250,2.2250,2.2200,0.0000,2.2200,2.2200,-10.2400,-10.2400,-10.2400,-10.2400,-10.2400,-10.2400,-10.2400,-10.2400
2025-06-15_05:33:40.950,1,1,1,1,2.2250,2.2250,2.2250,2.2250,2.2200,0.0000,2.2200,2.2200,-10.2400,-10.2400,-10.2400,-10.2400,-10.2400,-10.2400,-10.2400,-10.2400
2025-06-15_05:33:41.954,1,1,1,1,2.2250,2.2250,2.2250,2.2250,2.2200,0.0000,2.2200,2.2200,-10.2400,-10.2400,-10.2400,-10.2400,-10.2400,-10.2400,-10.2400,-10.2400
2025-06-15_05:33:42.959,1,1,1,1,2.2250,2.2250,2.2250,2.2250,2.2200,0.0000,2.2200,2.2200,-10.2400,-10.2400,-10.2400,-10.2400,-10.2400,-10.2400,-10.2400,-10.2400
2025-06-15_05:33:43.964,1,1,1,1,2.2250,2.2250,2.2250,2.2250,2.2200,0.0000,2.2200,2.2200,-10.2400,-10.2400,-10.2400,-10.2400,-10.2400,-10.2400,-10.2400,-10.2400
2025-06-15_05:33:44.968,1,1,1,1,2.2250,2.2250,2.2250,2.2250,2.2200,0.0000,2.2200,2.2200,-10.2400,-10.2400,-10.2400,-10.2400,-10.2400,-10.2400,-10.2400,-10.2400
2025-06-15_05:33:45.972,1,1,1,1,2.2250,2.2250,2.2250,2.2250,2.2200,0.0000,2.2200,2.2200,-10.2400,-10.2400,-10.2400,-10.2400,-10.2400,-10.2400,-10.2400,-10.2400
2025-06-15_05:33:46.977,1,1,1,1,2.2250,2.2250,2.2250,2.2250,2.2200,0.0000,2.2200,2.2200,-10.2400,-10.2400,-10.2400,-10.2400,-10.2400,-10.2400,-10.2400,-10.2400
2025-06-15_05:33:47.982,1,1,1,1,2.2250,2.2250,2.2250,2.2250,2.2200,0.0000,2.2200,2.2200,-10.2400,-10.2400,-10.2400,-10.2400,-10.2400,-10.2400,-10.2400,-10.2400
2025-06-15_05:33:48.986,1,1,1,1,2.2250,2.2250,2.2250,2.2250,2.2200,0.0000,2.2200,2.2200,-10.2400,-10.2400,-10.2400,-10.2400,-10.2400,-10.2400,-10.2400,-10.2400
2025-06-15_05:33:49.991,1,1,1,1,2.2200,2.2250,2.2250,2.2250,2.2200,0.0000,2.2200,2.2200,-10.2400,-10.2400,-10.2400,-10.2400,-10.2400,-10.2400,-10.2400,-10.2400
2025-06-15_05:33:50.996,1,1,1,1,2.2250,2.2250,2.2250,2.2250,2.2200,0.0000,2.2200,2.2200,-10.2400,-10.2400,-10.2400,-10.2400,-10.2400,-10.2400,-10.2400,-10.2400
2025-06-15_05:33:52.001,1,1,1,1,2.2250,2.2250,2.2250,2.2250,2.2200,0.0000,2.2200,2.2200,-10.2400,-10.2400,-10.2400,-10.2400,-10.2400,-10.2400,-10.2400,-10.2400
2025-06-15_05:33:53.007,1,1,1,1,2.2250,2.2250,2.2250,2.2250,2.2200,0.0000,2.2200,2.2200,-10.2400,-10.2400,-10.2400,-10.2400,-10.2400,-10.2400,-10.2400,-10.2400
2025-06-15_05:33:54.011,1,1,1,1,2.2250,2.2250,2.2250,2.2250,2.2200,0.0000,2.2200,2.2200,-10.2400,-10.2400,-10.2400,-10.2400,-10.2400,-10.2400,-10.2400,-10.2400
2025-06-15_05:33:55.016,1,1,1,1,2.2250,2.2250,2.2250,2.2250,2.2200,0.0000,2.2200,2.2200,-10.2400,-10.2400,-10.2400,-10.2400,-10.2400,-10.2400,-10.2400,-10.2400
2025-06-15_05:33:56.020,1,1,1,1,2.2250,2.2250,2.2250,2.2250,2.2200,0.0000,2.2200,2.2200,-10.2400,-10.2400,-10.2400,-10.2400,-10.2400,-10.2400,-10.2400,-10.2400
2025-06-15_05:33:57.025,1,1,1,1,2.2200,2.2250,2.2250,2.2250,2.2200,0.0000,2.2200,2.2200,-10.2400,-10.2400,-10.2400,-10.2400,-10.2400,-10.2400,-10.2400,-10.2400
2025-06-15_05:33:58.030,1,1,1,1,2.2200,2.2250,2.2250,2.2250,2.2200,0.0000,2.2200,2.2200,-10.2400,-10.2400,-10.2400,-10.2400,-10.2400,-10.2400,-10.2400,-10.2400
2025-06-15_05:33:59.033,1,1,1,1,2.2200,2.2250,2.2250,2.2250,2.2200,0.0000,2.2200,2.2200,-10.2400,-10.2400,-10.2400,-10.2400,-10.2400,-10.2400,-10.2400,-10.2400
2025-06-15_05:34:00.038,1,1,1,1,2.2250,2.2250,2.2250,2.2250,2.2200,0.0000,2.2200,2.2200,-10.2400,-10.2400,-10.2400,-10.2400,-10.2400,-10.2400,-10.2400,-10.2400
2025-06-15_05:34:01.042,1,1,1,1,2.2250,2.2250,2.2250,2.2250,2.2200,0.0000,2.2200,2.2200,-10.2400,-10.2400,-10.2400,-10.2400,-10.2400,-10.2400,-10.2400,-10.2400
2025-06-15_05:34:02.047,1,1,1,1,2.2250,2.2250,2.2250,2.2250,2.2200,0.0000,2.2200,2.2200,-10.2400,-10.2400,-10.2400,-10.2400,-10.2400,-10.2400,-10.2400,-10.2400
2025-06-15_05:34:03.052,1,1,1,1,2.2250,2.2250,2.2250,2.2250,2.2200,0.0000,2.2200,2.2200,-10.2400,-10.2400,-10.2400,-10.2400,-10.2400,-10.2400,-10.2400,-10.2400
2025-06-15_05:34:04.057,1,1,1,1,2.2250,2.2250,2.2250,2.2250,2.2200,0.0000,2.2200,2.2200,-10.2400,-10.2400,-10.2400,-10.2400,-10.2400,-10.2400,-10.2400,-10.2400
2025-06-15_05:34:05.062,1,1,1,1,2.2250,2.2250,2.2250,2.2250,2.2200,0.0000,2.2200,2.2200,-10.2400,-10.2400,-10.2400,-10.2400,-10.2400,-10.2400,-10.2400,-10.2400
2025-06-15_05:34:06.066,1,1,1,1,2.2250,2.2250,2.2250,2.2250,2.2200,0.0000,2.2200,2.2200,-10.2400,-10.2400,-10.2400,-10.2400,-10.2400,-10.2400,-10.2400,-10.2400
2025-06-15_05:34:07.070,1,1,1,1,2.2250,2.2250,2.2250,2.2250,2.2200,0.0000,2.2200,2.2200,-10.2400,-10.2400,-10.2400,-10.2400,-10.2400,-10.2400,-10.2400,-10.2400
2025-06-15_05:34:08.077,1,1,1,1,2.2200,2.2250,2.2250,2.2250,2.2200,0.0000,2.2200,2.2200,-10.2400,-10.2400,-10.2400,-10.2400,-10.2400,-10.2400,-10.2400,-10.2400
2025-06-15_05:34:09.080,1,1,1,1,2.2250,2.2250,2.2250,2.2250,2.2200,0.0000,2.2200,2.2200,-10.2400,-10.2400,-10.2400,-10.2400,-10.2400,-10.2400,-10.2400,-10.2400
2025-06-15_05:34:10.085,1,1,1,1,2.2200,2.2250,2.2250,2.2250,2.2200,0.0000,2.2200,2.2200,-10.2400,-10.2400,-10.2400,-10.2400,-10.2400,-10.2400,-10.2400,-10.2400
2025-06-15_05:34:11.088,1,1,1,1,2.2250,2.2250,2.2250,2.2250,2.2200,0.0000,2.2200,2.2200,-10.2400,-10.2400,-10.2400,-10.2400,-10.2400,-10.2400,-10.2400,-10.2400
2025-06-15_05:34:12.093,1,1,1,1,2.2250,2.2250,2.2250,2.2250,2.2200,0.0000,2.2200,2.2200,-10.2400,-10.2400,-10.2400,-10.2400,-10.2400,-10.2400,-10.2400,-10.2400
2025-06-15_05:34:13.097,1,1,1,1,2.2250,2.2250,2.2250,2.2250,2.2200,0.0000,2.2200,2.2200,-10.2400,-10.2400,-10.2400,-10.2400,-10.2400,-10.2400,-10.2400,-10.2400
2025-06-15_05:34:14.102,1,1,1,1,2.2200,2.2250,2.2250,2.2250,2.2200,0.0000,2.2200,2.2200,-10.2400,-10.2400,-10.2400,-10.2400,-10.2400,-10.2400,-10.2400,-10.2400
2025-06-15_05:34:15.105,1,1,1,1,2.2250,2.2250,2.2250,2.2250,2.2200,0.0000,2.2200,2.2200,-10.2400,-10.2400,-10.2400,-10.2400,-10.2400,-10.2400,-10.2400,-10.2400
2025-06-15_05:34:16.111,1,1,1,1,2.2200,2.2250,2.2250,2.2250,2.2200,0.0000,2.2200,2.2200,-10.2400,-10.2400,-10.2400,-10.2400,-10.2400,-10.2400,-10.2400,-10.2400
2025-06-15_05:34:17.115,1,1,1,1,2.2250,2.2250,2.2250,2.2250,2.2200,0.0000,2.2200,2.2200,-10.2400,-10.2400,-10.2400,-10.2400,-10.2400,-10.2400,-10.2400,-10.2400
2025-06-15_05:34:18.120,1,1,1,1,2.2250,2.2250,2.2250,2.2250,2.2200,0.0000,2.2200,2.2200,-10.2400,-10.2400,-10.2400,-10.2400,-10.2400,-10.2400,-10.2400,-10.2400
2025-06-15_05:34:19.125,1,1,1,1,2.2250,2.2250,2.2250,2.2250,2.2200,0.0000,2.2200,2.2200,-10.2400,-10.2400,-10.2400,-10.2400,-10.2400,-10.2400,-10.2400,-10.2400
2025-06-15_05:34:20.130,1,1,1,1,2.2200,2.2250,2.2250,2.2250,2.2200,0.0000,2.2200,2.2200,-10.2400,-10.2400,-10.2400,-10.2400,-10.2400,-10.2400,-10.2400,-10.2400
2025-06-15_05:34:21.135,1,1,1,1,2.2250,2.2250,2.2250,2.2250,2.2200,0.0000,2.2200,2.2200,-10.2400,-10.2400,-10.2400,-10.2400,-10.2400,-10.2400,-10.2400,-10.2400
2025-06-15_05:34:22.139,1,1,1,1,2.2200,2.2250,2.2250,2.2250,2.2200,0.0000,2.2200,2.2200,-10.2400,-10.2400,-10.2400,-10.2400,-10.2400,-10.2400,-10.2400,-10.2400
2025-06-15_05:34:23.144,1,1,1,1,2.2250,2.2250,2.2250,2.2250,2.2200,0.0000,2.2200,2.2200,-10.2400,-10.2400,-10.2400,-10.2400,-10.2400,-10.2400,-10.2400,-10.2400
2025-06-15_05:34:24.148,1,1,1,1,2.2250,2.2250,2.2250,2.2250,2.2200,0.0000,2.2200,2.2200,-10.2400,-10.2400,-10.2400,-10.2400,-10.2400,-10.2400,-10.2400,-10.2400
2025-06-15_05:34:25.152,1,1,1,1,2.2250,2.2250,2.2250,2.2250,2.2200,0.0000,2.2200,2.2200,-10.2400,-10.2400,-10.2400,-10.2400,-10.2400,-10.2400,-10.2400,-10.2400
2025-06-15_05:34:26.157,1,1,1,1,2.2250,2.2250,2.2250,2.2250,2.2200,0.0000,2.2200,2.2200,-10.2400,-10.2400,-10.2400,-10.2400,-10.2400,-10.2400,-10.2400,-10.2400
2025-06-15_05:34:27.161,1,1,1,1,2.2250,2.2250,2.2250,2.2250,2.2200,0.0000,2.2200,2.2200,-10.2400,-10.2400,-10.2400,-10.2400,-10.2400,-10.2400,-10.2400,-10.2400
2025-06-15_05:34:28.167,1,1,1,1,2.2200,2.2250,2.2250,2.2250,2.2200,0.0000,2.2200,2.2200,-10.2400,-10.2400,-10.2400,-10.2400,-10.2400,-10.2400,-10.2400,-10.2400
2025-06-15_05:34:29.171,1,1,1,1,2.2200,2.2250,2.2250,2.2250,2.2200,0.0000,2.2200,2.2200,-10.2400,-10.2400,-10.2400,-10.2400,-10.2400,-10.2400,-10.2400,-10.2400
2025-06-15_05:34:30.176,1,1,1,1,2.2250,2.2250,2.2250,2.2250,2.2200,0.0000,2.2200,2.2200,-10.2400,-10.2400,-10.2400,-10.2400,-10.2400,-10.2400,-10.2400,-10.2400
2025-06-15_05:34:31.181,1,1,1,1,2.2200,2.2250,2.2250,2.2250,2.2200,0.0000,2.2200,2.2200,-10.2400,-10.2400,-10.2400,-10.2400,-10.2400,-10.2400,-10.2400,-10.2400
2025-06-15_05:34:32.185,1,1,1,1,2.2250,2.2250,2.2250,2.2250,2.2200,0.0000,2.2200,2.2200,-10.2400,-10.2400,-10.2400,-10.2400,-10.2400,-10.2400,-10.2400,-10.2400
2025-06-15_05:34:33.190,1,1,1,1,2.2200,2.2250,2.2250,2.2250,2.2200,0.0000,2.2200,2.2200,-10.2400,-10.2400,-10.2400,-10.2400,-10.2400,-10.2400,-10.2400,-10.2400
2025-06-15_05:34:34.195,1,1,1,1,2.2250,2.2250,2.2250,2.2250,2.2200,0.0000,2.2200,2.2200,-10.2400,-10.2400,-10.2400,-10.2400,-10.2400,-10.2400,-10.2400,-10.2400
2025-06-15_05:34:35.199,1,1,1,1,2.2250,2.2250,2.2250,2.2250,2.2200,0.0000,2.2200,2.2200,-10.2400,-10.2400,-10.2400,-10.2400,-10.2400,-10.2400,-10.2400,-10.2400
2025-06-15_05:34:36.202,1,1,1,1,2.2250,2.2250,2.2250,2.2250,2.2200,0.0000,2.2200,2.2200,-10.2400,-10.2400,-10.2400,-10.2400,-10.2400,-10.2400,-10.2400,-10.2400
2025-06-15_05:34:37.206,1,1,1,1,2.2250,2.2250,2.2250,2.2250,2.2200,0.0000,2.2200,2.2200,-10.2400,-10.2400,-10.2400,-10.2400,-10.2400,-10.2400,-10.2400,-10.2400
2025-06-15_05:34:38.210,1,1,1,1,2.2250,2.2250,2.2250,2.2250,2.2200,0.0000,2.2200,2.2200,-10.2400,-10.2400,-10.2400,-10.2400,-10.2400,-10.2400,-10.2400,-10.2400
2025-06-15_05:34:39.213,1,1,1,1,2.2250,2.2250,2.2250,2.2250,2.2200,0.0000,2.2200,2.2200,-10.2400,-10.2400,-10.2400,-10.2400,-10.2400,-10.2400,-10.2400,-10.2400
2025-06-15_05:34:40.217,1,1,1,1,2.2250,2.2250,2.2250,2.2250,2.2200,0.0000,2.2200,2.2200,-10.2400,-10.2400,-10.2400,-10.2400,-10.2400,-10.2400,-10.2400,-10.2400
2025-06-15_05:34:41.222,1,1,1,1,2.2200,2.2250,2.2250,2.2250,2.2200,0.0000,2.2200,2.2200,-10.2400,-10.2400,-10.2400,-10.2400,-10.2400,-10.2400,-10.2400,-10.2400
2025-06-15_05:34:42.227,1,1,1,1,2.2250,2.2250,2.2250,2.2250,2.2200,0.0000,2.2200,2.2200,-10.2400,-10.2400,-10.2400,-10.2400,-10.2400,-10.2400,-10.2400,-10.2400
2025-06-15_05:34:43.232,1,1,1,1,2.2250,2.2250,2.2250,2.2250,2.2200,0.0000,2.2200,2.2200,-10.2400,-10.2400,-10.2400,-10.2400,-10.2400,-10.2400,-10.2400,-10.2400
2025-06-15_05:34:44.237,1,1,1,1,2.2250,2.2250,2.2250,2.2250,2.2200,0.0000,2.2200,2.2200,-10.2400,-10.2400,-10.2400,-10.2400,-10.2400,-10.2400,-10.2400,-10.2400
2025-06-15_05:34:45.241,1,1,1,1,2.2250,2.2250,2.2250,2.2250,2.2200,0.0000,2.2200,2.2200,-10.2400,-10.2400,-10.2400,-10.2400,-10.2400,-10.2400,-10.2400,-10.2400
2025-06-15_05:34:46.246,1,1,1,1,2.2200,2.2250,2.2250,2.2250,2.2200,0.0000,2.2200,2.2200,-10.2400,-10.2400,-10.2400,-10.2400,-10.2400,-10.2400,-10.2400,-10.2400
2025-06-15_05:34:47.249,1,1,1,1,2.2200,2.2250,2.2250,2.2250,2.2200,0.0000,2.2200,2.2200,-10.2400,-10.2400,-10.2400,-10.2400,-10.2400,-10.2400,-10.2400,-10.2400
2025-06-15_05:34:48.253,1,1,1,1,2.2250,2.2250,2.2250,2.2250,2.2200,0.0000,2.2200,2.2200,-10.2400,-10.2400,-10.2400,-10.2400,-10.2400,-10.2400,-10.2400,-10.2400
2025-06-15_05:34:49.258,1,1,1,1,2.2200,2.2250,2.2250,2.2250,2.2200,0.0000,2.2200,2.2200,-10.2400,-10.2400,-10.2400,-10.2400,-10.2400,-10.2400,-10.2400,-10.2400
2025-06-15_05:34:50.263,1,1,1,1,2.2200,2.2250,2.2250,2.2250,2.2200,0.0000,2.2200,2.2200,-10.2400,-10.2400,-10.2400,-10.2400,-10.2400,-10.2400,-10.2400,-10.2400
2025-06-15_05:34:51.267,1,1,1,1,2.2250,2.2250,2.2250,2.2250,2.2200,0.0000,2.2200,2.2200,-10.2400,-10.2400,-10.2400,-10.2400,-10.2400,-10.2400,-10.2400,-10.2400
2025-06-15_05:34:52.271,1,1,1,1,2.2250,2.2250,2.2250,2.2250,2.2200,0.0000,2.2200,2.2200,-10.2400,-10.2400,-10.2400,-10.2400,-10.2400,-10.2400,-10.2400,-10.2400
2025-06-15_05:34:53.276,1,1,1,1,2.2250,2.2250,2.2250,2.2250,2.2200,0.0000,2.2200,2.2200,-10.2400,-10.2400,-10.2400,-10.2400,-10.2400,-10.2400,-10.2400,-10.2400
2025-06-15_05:34:54.281,1,1,1,1,2.2250,2.2250,2.2250,2.2250,2.2200,0.0000,2.2200,2.2200,-10.2400,-10.2400,-10.2400,-10.2400,-10.2400,-10.2400,-10.2400,-10.2400
2025-06-15_05:34:55.285,1,1,1,1,2.2250,2.2250,2.2250,2.2250,2.2200,0.0000,2.2200,2.2200,-10.2400,-10.2400,-10.2400,-10.2400,-10.2400,-10.2400,-10.2400,-10.2400
2025-06-15_05:34:56.290,1,1,1,1,2.2250,2.2250,2.2250,2.2250,2.2200,0.0000,2.2200,2.2200,-10.2400,-10.2400,-10.2400,-10.2400,-10.2400,-10.2400,-10.2400,-10.2400
2025-06-15_05:34:57.295,1,1,1,1,2.2200,2.2250,2.2250,2.2250,2.2200,0.0000,2.2200,2.2200,-10.2400,-10.2400,-10.2400,-10.2400,-10.2400,-10.2400,-10.2400,-10.2400
2025-06-15_05:34:58.299,1,1,1,1,2.2200,2.2250,2.2250,2.2250,2.2200,0.0000,2.2200,2.2200,-10.2400,-10.2400,-10.2400,-10.2400,-10.2400,-10.2400,-10.2400,-10.2400
2025-06-15_05:34:59.304,1,1,1,1,2.2250,2.2250,2.2250,2.2250,2.2200,0.0000,2.2200,2.2200,-10.2400,-10.2400,-10.2400,-10.2400,-10.2400,-10.2400,-10.2400,-10.2400
2025-06-15_05:35:00.308,1,1,1,1,2.2200,2.2250,2.2250,2.2250,2.2200,0.0000,2.2200,2.2200,-10.2400,-10.2400,-10.2400,-10.2400,-10.2400,-10.2400,-10.2400,-10.2400
2025-06-15_05:35:01.312,1,1,1,1,2.2250,2.2250,2.2250,2.2250,2.2200,0.0000,2.2200,2.2200,-10.2400,-10.2400,-10.2400,-10.2400,-10.2400,-10.2400,-10.2400,-10.2400
2025-06-15_05:35:02.316,1,1,1,1,2.2200,2.2250,2.2250,2.2250,2.2200,0.0000,2.2200,2.2200,-10.2400,-10.2400,-10.2400,-10.2400,-10.2400,-10.2400,-10.2400,-10.2400
2025-06-15_05:35:03.320,1,1,1,1,2.2250,2.2250,2.2250,2.2250,2.2200,0.0000,2.2200,2.2200,-10.2400,-10.2400,-10.2400,-10.2400,-10.2400,-10.2400,-10.2400,-10.2400
2025-06-15_05:35:04.325,1,1,1,1,2.2200,2.2250,2.2250,2.2250,2.2200,0.0000,2.2200,2.2200,-10.2400,-10.2400,-10.2400,-10.2400,-10.2400,-10.2400,-10.2400,-10.2400
2025-06-15_05:35:05.330,1,1,1,1,2.2200,2.2250,2.2250,2.2250,2.2200,0.0000,2.2200,2.2200,-10.2400,-10.2400,-10.2400,-10.2400,-10.2400,-10.2400,-10.2400,-10.2400
2025-06-15_05:35:06.335,1,1,1,1,2.2250,2.2250,2.2250,2.2250,2.2200,0.0000,2.2200,2.2200,-10.2400,-10.2400,-10.2400,-10.2400,-10.2400,-10.2400,-10.2400,-10.2400
2025-06-15_05:35:07.339,1,1,1,1,2.2250,2.2250,2.2250,2.2250,2.2200,0.0000,2.2200,2.2200,-10.2400,-10.2400,-10.2400,-10.2400,-10.2400,-10.2400,-10.2400,-10.2400
2025-06-15_05:35:08.343,1,1,1,1,2.2250,2.2250,2.2250,2.2250,2.2200,0.0000,2.2200,2.2200,-10.2400,-10.2400,-10.2400,-10.2400,-10.2400,-10.2400,-10.2400,-10.2400
2025-06-15_05:35:09.347,1,1,1,1,2.2250,2.2250,2.2250,2.2250,2.2200,0.0000,2.2200,2.2200,-10.2400,-10.2400,-10.2400,-10.2400,-10.2400,-10.2400,-10.2400,-10.2400
2025-06-15_05:35:10.352,1,1,1,1,2.2250,2.2250,2.2250,2.2250,2.2200,0.0000,2.2200,2.2200,-10.2400,-10.2400,-10.2400,-10.2400,-10.2400,-10.2400,-10.2400,-10.2400
2025-06-15_05:35:11.357,1,1,1,1,2.2200,2.2250,2.2250,2.2250,2.2200,0.0000,2.2200,2.2200,-10.2400,-10.2400,-10.2400,-10.2400,-10.2400,-10.2400,-10.2400,-10.2400
2025-06-15_05:35:12.361,1,1,1,1,2.2250,2.2250,2.2250,2.2250,2.2200,0.0000,2.2200,2.2200,-10.2400,-10.2400,-10.2400,-10.2400,-10.2400,-10.2400,-10.2400,-10.2400
2025-06-15_05:35:13.367,1,1,1,1,2.2250,2.2250,2.2250,2.2250,2.2200,0.0000,2.2200,2.2200,-10.2400,-10.2400,-10.2400,-10.2400,-10.2400,-10.2400,-10.2400,-10.2400
2025-06-15_05:35:14.372,1,1,1,1,2.2200,2.2250,2.2250,2.2250,2.2200,0.0000,2.2200,2.2200,-10.2400,-10.2400,-10.2400,-10.2400,-10.2400,-10.2400,-10.2400,-10.2400
2025-06-15_05:35:15.376,1,1,1,1,2.2200,2.2250,2.2250,2.2250,2.2200,0.0000,2.2200,2.2200,-10.2400,-10.2400,-10.2400,-10.2400,-10.2400,-10.2400,-10.2400,-10.2400
2025-06-15_05:35:16.381,1,1,1,1,2.2250,2.2250,2.2250,2.2250,2.2200,0.0000,2.2200,2.2200,-10.2400,-10.2400,-10.2400,-10.2400,-10.2400,-10.2400,-10.2400,-10.2400
2025-06-15_05:35:17.385,1,1,1,1,2.2200,2.2250,2.2250,2.2250,2.2200,0.0000,2.2200,2.2200,-10.2400,-10.2400,-10.2400,-10.2400,-10.2400,-10.2400,-10.2400,-10.2400
2025-06-15_05:35:18.390,1,1,1,1,2.2250,2.2250,2.2250,2.2250,2.2200,0.0000,2.2200,2.2200,-10.2400,-10.2400,-10.2400,-10.2400,-10.2400,-10.2400,-10.2400,-10.2400
2025-06-15_05:35:19.395,1,1,1,1,2.2200,2.2250,2.2250,2.2250,2.2200,0.0000,2.2200,2.2200,-10.2400,-10.2400,-10.2400,-10.2400,-10.2400,-10.2400,-10.2400,-10.2400
2025-06-15_05:35:20.399,1,1,1,1,2.2200,2.2250,2.2250,2.2250,2.2200,0.0000,2.2200,2.2200,-10.2400,-10.2400,-10.2400,-10.2400,-10.2400,-10.2400,-10.2400,-10.2400
2025-06-15_05:35:21.403,1,1,1,1,2.2250,2.2250,2.2250,2.2250,2.2200,0.0000,2.2200,2.2200,-10.2400,-10.2400,-10.2400,-10.2400,-10.2400,-10.2400,-10.2400,-10.2400
2025-06-15_05:35:22.407,1,1,1,1,2.2250,2.2250,2.2250,2.2250,2.2200,0.0000,2.2200,2.2200,-10.2400,-10.2400,-10.2400,-10.2400,-10.2400,-10.2400,-10.2400,-10.2400
2025-06-15_05:35:23.412,1,1,1,1,2.2250,2.2250,2.2250,2.2250,2.2200,0.0000,2.2200,2.2200,-10.2400,-10.2400,-10.2400,-10.2400,-10.2400,-10.2400,-10.2400,-10.2400
2025-06-15_05:35:24.416,1,1,1,1,2.2200,2.2250,2.2250,2.2250,2.2200,0.0000,2.2200,2.2200,-10.2400,-10.2400,-10.2400,-10.2400,-10.2400,-10.2400,-10.2400,-10.2400
2025-06-15_05:35:25.419,1,1,1,1,2.2250,2.2250,2.2250,2.2250,2.2200,0.0000,2.2200,2.2200,-10.2400,-10.2400,-10.2400,-10.2400,-10.2400,-10.2400,-10.2400,-10.2400
2025-06-15_05:35:26.424,1,1,1,1,2.2250,2.2250,2.2250,2.2250,2.2200,0.0000,2.2200,2.2200,-10.2400,-10.2400,-10.2400,-10.2400,-10.2400,-10.2400,-10.2400,-10.2400
2025-06-15_05:35:27.428,1,1,1,1,2.2250,2.2250,2.2250,2.2250,2.2200,0.0000,2.2200,2.2200,-10.2400,-10.2400,-10.2400,-10.2400,-10.2400,-10.2400,-10.2400,-10.2400
2025-06-15_05:35:28.434,1,1,1,1,2.2250,2.2250,2.2250,2.2250,2.2200,0.0000,2.2200,2.2200,-10.2400,-10.2400,-10.2400,-10.2400,-10.2400,-10.2400,-10.2400,-10.2400
2025-06-15_05:35:29.438,1,1,1,1,2.2250,2.2250,2.2250,2.2250,2.2200,0.0000,2.2200,2.2200,-10.2400,-10.2400,-10.2400,-10.2400,-10.2400,-10.2400,-10.2400,-10.2400
2025-06-15_05:35:30.441,1,1,1,1,2.2250,2.2250,2.2250,2.2250,2.2200,0.0000,2.2200,2.2200,-10.2400,-10.2400,-10.2400,-10.2400,-10.2400,-10.2400,-10.2400,-10.2400
2025-06-15_05:35:31.444,1,1,1,1,2.2250,2.2250,2.2250,2.2250,2.2200,0.0000,2.2200,2.2200,-10.2400,-10.2400,-10.2400,-10.2400,-10.2400,-10.2400,-10.2400,-10.2400
2025-06-15_05:35:32.447,1,1,1,1,2.2250,2.2250,2.2250,2.2250,2.2200,0.0000,2.2200,2.2200,-10.2400,-10.2400,-10.2400,-10.2400,-10.2400,-10.2400,-10.2400,-10.2400
2025-06-15_05:35:33.451,1,1,1,1,2.2250,2.2250,2.2250,2.2250,2.2200,0.0000,2.2200,2.2200,-10.2400,-10.2400,-10.2400,-10.2400,-10.2400,-10.2400,-10.2400,-10.2400
2025-06-15_05:35:34.453,1,1,1,1,2.2250,2.2250,2.2250,2.2250,2.2200,0.0000,2.2200,2.2200,-10.2400,-10.2400,-10.2400,-10.2400,-10.2400,-10.2400,-10.2400,-10.2400
2025-06-15_05:35:35.459,1,1,1,1,2.2250,2.2250,2.2250,2.2250,2.2200,0.0000,2.2200,2.2200,-10.2400,-10.2400,-10.2400,-10.2400,-10.2400,-10.2400,-10.2400,-10.2400
2025-06-15_05:35:36.464,1,1,1,1,2.2250,2.2250,2.2250,2.2250,2.2200,0.0000,2.2200,2.2200,-10.2400,-10.2400,-10.2400,-10.2400,-10.2400,-10.2400,-10.2400,-10.2400
2025-06-15_05:35:37.468,1,1,1,1,2.2250,2.2250,2.2250,2.2250,2.2200,0.0000,2.2200,2.2200,-10.2400,-10.2400,-10.2400,-10.2400,-10.2400,-10.2400,-10.2400,-10.2400
2025-06-15_05:35:38.478,1,1,1,1,2.2250,2.2250,2.2250,2.2250,2.2200,0.0000,2.2200,2.2200,-10.2400,-10.2400,-10.2400,-10.2400,-10.2400,-10.2400,-10.2400,-10.2400
2025-06-15_05:35:39.482,1,1,1,1,2.2250,2.2250,2.2250,2.2250,2.2200,0.0000,2.2200,2.2200,-10.2400,-10.2400,-10.2400,-10.2400,-10.2400,-10.2400,-10.2400,-10.2400
2025-06-15_05:35:40.487,1,1,1,1,2.2200,2.2250,2.2250,2.2250,2.2200,0.0000,2.2200,2.2200,-10.2400,-10.2400,-10.2400,-10.2400,-10.2400,-10.2400,-10.2400,-10.2400
2025-06-15_05:35:41.492,1,1,1,1,2.2250,2.2250,2.2250,2.2250,2.2200,0.0000,2.2200,2.2200,-10.2400,-10.2400,-10.2400,-10.2400,-10.2400,-10.2400,-10.2400,-10.2400
2025-06-15_05:35:42.496,1,1,1,1,2.2250,2.2250,2.2250,2.2250,2.2200,0.0000,2.2200,2.2200,-10.2400,-10.2400,-10.2400,-10.2400,-10.2400,-10.2400,-10.2400,-10.2400
2025-06-15_05:35:43.501,1,1,1,1,2.2250,2.2250,2.2250,2.2250,2.2200,0.0000,2.2200,2.2200,-10.2400,-10.2400,-10.2400,-10.2400,-10.2400,-10.2400,-10.2400,-10.2400
2025-06-15_05:35:44.504,1,1,1,1,2.2250,2.2250,2.2250,2.2250,2.2200,0.0000,2.2200,2.2200,-10.2400,-10.2400,-10.2400,-10.2400,-10.2400,-10.2400,-10.2400,-10.2400
2025-06-15_05:35:45.507,1,1,1,1,2.2250,2.2250,2.2250,2.2250,2.2200,0.0000,2.2200,2.2200,-10.2400,-10.2400,-10.2400,-10.2400,-10.2400,-10.2400,-10.2400,-10.2400
2025-06-15_05:35:46.511,1,1,1,1,2.2250,2.2250,2.2250,2.2250,2.2200,0.0000,2.2200,2.2200,-10.2400,-10.2400,-10.2400,-10.2400,-10.2400,-10.2400,-10.2400,-10.2400
2025-06-15_05:35:47.514,1,1,1,1,2.2250,2.2250,2.2250,2.2250,2.2200,0.0000,2.2200,2.2200,-10.2400,-10.2400,-10.2400,-10.2400,-10.2400,-10.2400,-10.2400,-10.2400
2025-06-15_05:35:48.518,1,1,1,1,2.2250,2.2250,2.2250,2.2250,2.2200,0.0000,2.2200,2.2200,-10.2400,-10.2400,-10.2400,-10.2400,-10.2400,-10.2400,-10.2400,-10.2400
2025-06-15_05:35:49.522,1,1,1,1,2.2250,2.2250,2.2250,2.2250,2.2200,0.0000,2.2200,2.2200,-10.2400,-10.2400,-10.2400,-10.2400,-10.2400,-10.2400,-10.2400,-10.2400
2025-06-15_05:35:50.527,1,1,1,1,2.2250,2.2250,2.2250,2.2250,2.2200,0.0000,2.2200,2.2200,-10.2400,-10.2400,-10.2400,-10.2400,-10.2400,-10.2400,-10.2400,-10.2400
2025-06-15_05:35:51.531,1,1,1,1,2.2250,2.2250,2.2250,2.2250,2.2200,0.0000,2.2200,2.2200,-10.2400,-10.2400,-10.2400,-10.2400,-10.2400,-10.2400,-10.2400,-10.2400
2025-06-15_05:35:52.537,1,1,1,1,2.2250,2.2250,2.2250,2.2250,2.2200,0.0000,2.2200,2.2200,-10.2400,-10.2400,-10.2400,-10.2400,-10.2400,-10.2400,-10.2400,-10.2400
2025-06-15_05:35:53.541,1,1,1,1,2.2250,2.2250,2.2250,2.2250,2.2200,0.0000,2.2200,2.2200,-10.2400,-10.2400,-10.2400,-10.2400,-10.2400,-10.2400,-10.2400,-10.2400
2025-06-15_05:35:54.546,1,1,1,1,2.2200,2.2250,2.2250,2.2250,2.2200,0.0000,2.2200,2.2200,-10.2400,-10.2400,-10.2400,-10.2400,-10.2400,-10.2400,-10.2400,-10.2400
2025-06-15_05:35:55.549,1,1,1,1,2.2250,2.2250,2.2250,2.2250,2.2200,0.0000,2.2200,2.2200,-10.2400,-10.2400,-10.2400,-10.2400,-10.2400,-10.2400,-10.2400,-10.2400
2025-06-15_05:35:56.554,1,1,1,1,2.2200,2.2250,2.2250,2.2250,2.2200,0.0000,2.2200,2.2200,-10.2400,-10.2400,-10.2400,-10.2400,-10.2400,-10.2400,-10.2400,-10.2400
2025-06-15_05:35:57.558,1,1,1,1,2.2250,2.2250,2.2250,2.2250,2.2200,0.0000,2.2200,2.2200,-10.2400,-10.2400,-10.2400,-10.2400,-10.2400,-10.2400,-10.2400,-10.2400
2025-06-15_05:35:58.563,1,1,1,1,2.2200,2.2250,2.2250,2.2250,2.2200,0.0000,2.2200,2.2200,-10.2400,-10.2400,-10.2400,-10.2400,-10.2400,-10.2400,-10.2400,-10.2400
2025-06-15_05:35:59.568,1,1,1,1,2.2250,2.2250,2.2250,2.2250,2.2200,0.0000,2.2200,2.2200,-10.2400,-10.2400,-10.2400,-10.2400,-10.2400,-10.2400,-10.2400,-10.2400
2025-06-15_05:36:00.573,1,1,1,1,2.2250,2.2250,2.2200,2.2250,2.2200,0.0000,2.2200,2.2200,-10.2400,-10.2400,-10.2400,-10.2400,-10.2400,-10.2400,-10.2400,-10.2400
2025-06-15_05:36:01.577,1,1,1,1,2.2250,2.2250,2.2250,2.2250,2.2200,0.0000,2.2200,2.2200,-10.2400,-10.2400,-10.2400,-10.2400,-10.2400,-10.2400,-10.2400,-10.2400
2025-06-15_05:36:02.581,1,1,1,1,2.2250,2.2250,2.2250,2.2250,2.2200,0.0000,2.2200,2.2200,-10.2400,-10.2400,-10.2400,-10.2400,-10.2400,-10.2400,-10.2400,-10.2400
2025-06-15_05:36:03.585,1,1,1,1,2.2250,2.2250,2.2250,2.2250,2.2200,0.0000,2.2200,2.2200,-10.2400,-10.2400,-10.2400,-10.2400,-10.2400,-10.2400,-10.2400,-10.2400
2025-06-15_05:36:04.589,1,1,1,1,2.2250,2.2250,2.2250,2.2250,2.2200,0.0000,2.2200,2.2200,-10.2400,-10.2400,-10.2400,-10.2400,-10.2400,-10.2400,-10.2400,-10.2400
2025-06-15_05:36:05.592,1,1,1,1,2.2250,2.2250,2.2250,2.2250,2.2200,0.0000,2.2200,2.2200,-10.2400,-10.2400,-10.2400,-10.2400,-10.2400,-10.2400,-10.2400,-10.2400
2025-06-15_05:36:06.595,1,1,1,1,2.2250,2.2250,2.2250,2.2250,2.2200,0.0000,2.2200,2.2200,-10.2400,-10.2400,-10.2400,-10.2400,-10.2400,-10.2400,-10.2400,-10.2400
2025-06-15_05:36:07.599,1,1,1,1,2.2250,2.2250,2.2250,2.2250,2.2200,0.0000,2.2200,2.2200,-10.2400,-10.2400,-10.2400,-10.2400,-10.2400,-10.2400,-10.2400,-10.2400
2025-06-15_05:36:08.603,1,1,1,1,2.2250,2.2250,2.2250,2.2250,2.2200,0.0000,2.2200,2.2200,-10.2400,-10.2400,-10.2400,-10.2400,-10.2400,-10.2400,-10.2400,-10.2400
2025-06-15_05:36:09.607,1,1,1,1,2.2250,2.2250,2.2250,2.2250,2.2200,0.0000,2.2200,2.2200,-10.2400,-10.2400,-10.2400,-10.2400,-10.2400,-10.2400,-10.2400,-10.2400
2025-06-15_05:36:10.612,1,1,1,1,2.2250,2.2250,2.2250,2.2250,2.2200,0.0000,2.2200,2.2200,-10.2400,-10.2400,-10.2400,-10.2400,-10.2400,-10.2400,-10.2400,-10.2400
2025-06-15_05:36:11.616,1,1,1,1,2.2250,2.2250,2.2250,2.2250,2.2200,0.0000,2.2200,2.2200,-10.2400,-10.2400,-10.2400,-10.2400,-10.2400,-10.2400,-10.2400,-10.2400
2025-06-15_05:36:12.621,1,1,1,1,2.2250,2.2250,2.2250,2.2250,2.2200,0.0000,2.2200,2.2200,-10.2400,-10.2400,-10.2400,-10.2400,-10.2400,-10.2400,-10.2400,-10.2400
2025-06-15_05:36:13.625,1,1,1,1,2.2250,2.2250,2.2250,2.2250,2.2200,0.0000,2.2200,2.2200,-10.2400,-10.2400,-10.2400,-10.2400,-10.2400,-10.2400,-10.2400,-10.2400
2025-06-15_05:36:14.629,1,1,1,1,2.2250,2.2250,2.2250,2.2250,2.2200,0.0000,2.2200,2.2200,-10.2400,-10.2400,-10.2400,-10.2400,-10.2400,-10.2400,-10.2400,-10.2400
2025-06-15_05:36:15.632,1,1,1,1,2.2250,2.2250,2.2250,2.2250,2.2200,0.0000,2.2200,2.2200,-10.2400,-10.2400,-10.2400,-10.2400,-10.2400,-10.2400,-10.2400,-10.2400
2025-06-15_05:36:16.636,1,1,1,1,2.2250,2.2250,2.2250,2.2250,2.2200,0.0000,2.2200,2.2200,-10.2400,-10.2400,-10.2400,-10.2400,-10.2400,-10.2400,-10.2400,-10.2400
2025-06-15_05:36:17.640,1,1,1,1,2.2200,2.2250,2.2250,2.2250,2.2200,0.0000,2.2200,2.2200,-10.2400,-10.2400,-10.2400,-10.2400,-10.2400,-10.2400,-10.2400,-10.2400
2025-06-15_05:36:18.644,1,1,1,1,2.2200,2.2250,2.2250,2.2250,2.2200,0.0000,2.2200,2.2200,-10.2400,-10.2400,-10.2400,-10.2400,-10.2400,-10.2400,-10.2400,-10.2400
2025-06-15_05:36:19.648,1,1,1,1,2.2250,2.2250,2.2250,2.2250,2.2200,0.0000,2.2200,2.2200,-10.2400,-10.2400,-10.2400,-10.2400,-10.2400,-10.2400,-10.2400,-10.2400
2025-06-15_05:36:20.652,1,1,1,1,2.2200,2.2250,2.2250,2.2250,2.2200,0.0000,2.2200,2.2200,-10.2400,-10.2400,-10.2400,-10.2400,-10.2400,-10.2400,-10.2400,-10.2400
2025-06-15_05:36:21.655,1,1,1,1,2.2250,2.2250,2.2250,2.2250,2.2200,0.0000,2.2200,2.2200,-10.2400,-10.2400,-10.2400,-10.2400,-10.2400,-10.2400,-10.2400,-10.2400
2025-06-15_05:36:22.660,1,1,1,1,2.2200,2.2250,2.2250,2.2250,2.2200,0.0000,2.2200,2.2200,-10.2400,-10.2400,-10.2400,-10.2400,-10.2400,-10.2400,-10.2400,-10.2400
2025-06-15_05:36:23.665,1,1,1,1,2.2200,2.2250,2.2250,2.2250,2.2200,0.0000,2.2200,2.2200,-10.2400,-10.2400,-10.2400,-10.2400,-10.2400,-10.2400,-10.2400,-10.2400
2025-06-15_05:36:24.670,1,1,1,1,2.2250,2.2250,2.2250,2.2250,2.2200,0.0000,2.2200,2.2200,-10.2400,-10.2400,-10.2400,-10.2400,-10.2400,-10.2400,-10.2400,-10.2400
2025-06-15_05:36:25.674,1,1,1,1,2.2250,2.2250,2.2250,2.2250,2.2200,0.0000,2.2200,2.2200,-10.2400,-10.2400,-10.2400,-10.2400,-10.2400,-10.2400,-10.2400,-10.2400
2025-06-15_05:36:26.679,1,1,1,1,2.2200,2.2250,2.2250,2.2250,2.2200,0.0000,2.2200,2.2200,-10.2400,-10.2400,-10.2400,-10.2400,-10.2400,-10.2400,-10.2400,-10.2400
2025-06-15_05:36:27.683,1,1,1,1,2.2200,2.2250,2.2250,2.2250,2.2200,0.0000,2.2200,2.2200,-10.2400,-10.2400,-10.2400,-10.2400,-10.2400,-10.2400,-10.2400,-10.2400
2025-06-15_05:36:28.688,1,1,1,1,2.2250,2.2250,2.2250,2.2250,2.2200,0.0000,2.2200,2.2200,-10.2400,-10.2400,-10.2400,-10.2400,-10.2400,-10.2400,-10.2400,-10.2400
2025-06-15_05:36:29.692,1,1,1,1,2.2250,2.2250,2.2250,2.2250,2.2200,0.0000,2.2200,2.2200,-10.2400,-10.2400,-10.2400,-10.2400,-10.2400,-10.2400,-10.2400,-10.2400
2025-06-15_05:36:30.696,1,1,1,1,2.2250,2.2250,2.2250,2.2250,2.2200,0.0000,2.2200,2.2200,-10.2400,-10.2400,-10.2400,-10.2400,-10.2400,-10.2400,-10.2400,-10.2400
2025-06-15_05:36:31.700,1,1,1,1,2.2250,2.2250,2.2250,2.2250,2.2200,0.0000,2.2200,2.2200,-10.2400,-10.2400,-10.2400,-10.2400,-10.2400,-10.2400,-10.2400,-10.2400
2025-06-15_05:36:32.704,1,1,1,1,2.2250,2.2250,2.2250,2.2250,2.2200,0.0000,2.2200,2.2200,-10.2400,-10.2400,-10.2400,-10.2400,-10.2400,-10.2400,-10.2400,-10.2400
2025-06-15_05:36:33.708,1,1,1,1,2.2200,2.2250,2.2250,2.2250,2.2200,0.0000,2.2200,2.2200,-10.2400,-10.2400,-10.2400,-10.2400,-10.2400,-10.2400,-10.2400,-10.2400
2025-06-15_05:36:34.713,1,1,1,1,2.2250,2.2250,2.2250,2.2250,2.2200,0.0000,2.2200,2.2200,-10.2400,-10.2400,-10.2400,-10.2400,-10.2400,-10.2400,-10.2400,-10.2400
2025-06-15_05:36:35.718,1,1,1,1,2.2250,2.2250,2.2250,2.2250,2.2200,0.0000,2.2200,2.2200,-10.2400,-10.2400,-10.2400,-10.2400,-10.2400,-10.2400,-10.2400,-10.2400
2025-06-15_05:36:36.722,1,1,1,1,2.2250,2.2250,2.2250,2.2250,2.2200,0.0000,2.2200,2.2200,-10.2400,-10.2400,-10.2400,-10.2400,-10.2400,-10.2400,-10.2400,-10.2400
2025-06-15_05:36:37.726,1,1,1,1,2.2250,2.2250,2.2250,2.2250,2.2200,0.0000,2.2200,2.2200,-10.2400,-10.2400,-10.2400,-10.2400,-10.2400,-10.2400,-10.2400,-10.2400
2025-06-15_05:36:38.730,1,1,1,1,2.2200,2.2250,2.2250,2.2250,2.2200,0.0000,2.2200,2.2200,-10.2400,-10.2400,-10.2400,-10.2400,-10.2400,-10.2400,-10.2400,-10.2400
2025-06-15_05:36:39.735,1,1,1,1,2.2250,2.2250,2.2250,2.2250,2.2200,0.0000,2.2200,2.2200,-10.2400,-10.2400,-10.2400,-10.2400,-10.2400,-10.2400,-10.2400,-10.2400
2025-06-15_05:36:40.739,1,1,1,1,2.2200,2.2250,2.2250,2.2250,2.2200,0.0000,2.2200,2.2200,-10.2400,-10.2400,-10.2400,-10.2400,-10.2400,-10.2400,-10.2400,-10.2400
2025-06-15_05:36:41.744,1,1,1,1,2.2200,2.2250,2.2250,2.2250,2.2200,0.0000,2.2200,2.2200,-10.2400,-10.2400,-10.2400,-10.2400,-10.2400,-10.2400,-10.2400,-10.2400
2025-06-15_05:36:42.749,1,1,1,1,2.2200,2.2250,2.2250,2.2250,2.2200,0.0000,2.2200,2.2200,-10.2400,-10.2400,-10.2400,-10.2400,-10.2400,-10.2400,-10.2400,-10.2400
2025-06-15_05:36:43.753,1,1,1,1,2.2200,2.2250,2.2250,2.2250,2.2200,0.0000,2.2200,2.2200,-10.2400,-10.2400,-10.2400,-10.2400,-10.2400,-10.2400,-10.2400,-10.2400
2025-06-15_05:36:44.757,1,1,1,1,2.2250,2.2250,2.2250,2.2250,2.2200,0.0000,2.2200,2.2200,-10.2400,-10.2400,-10.2400,-10.2400,-10.2400,-10.2400,-10.2400,-10.2400
2025-06-15_05:36:45.762,1,1,1,1,2.2250,2.2250,2.2250,2.2250,2.2200,0.0000,2.2200,2.2200,-10.2400,-10.2400,-10.2400,-10.2400,-10.2400,-10.2400,-10.2400,-10.2400
2025-06-15_05:36:46.765,1,1,1,1,2.2200,2.2250,2.2200,2.2250,2.2200,0.0000,2.2200,2.2200,-10.2400,-10.2400,-10.2400,-10.2400,-10.2400,-10.2400,-10.2400,-10.2400
2025-06-15_05:36:47.770,1,1,1,1,2.2250,2.2250,2.2250,2.2250,2.2200,0.0000,2.2200,2.2200,-10.2400,-10.2400,-10.2400,-10.2400,-10.2400,-10.2400,-10.2400,-10.2400
2025-06-15_05:36:48.776,1,1,1,1,2.2250,2.2250,2.2250,2.2250,2.2200,0.0000,2.2200,2.2200,-10.2400,-10.2400,-10.2400,-10.2400,-10.2400,-10.2400,-10.2400,-10.2400
2025-06-15_05:36:49.780,1,1,1,1,2.2250,2.2250,2.2250,2.2250,2.2200,0.0000,2.2200,2.2200,-10.2400,-10.2400,-10.2400,-10.2400,-10.2400,-10.2400,-10.2400,-10.2400
2025-06-15_05:36:50.784,1,1,1,1,2.2250,2.2250,2.2250,2.2250,2.2200,0.0000,2.2200,2.2200,-10.2400,-10.2400,-10.2400,-10.2400,-10.2400,-10.2400,-10.2400,-10.2400
2025-06-15_05:36:51.787,1,1,1,1,2.2250,2.2250,2.2200,2.2250,2.2200,0.0000,2.2200,2.2200,-10.2400,-10.2400,-10.2400,-10.2400,-10.2400,-10.2400,-10.2400,-10.2400
2025-06-15_05:36:52.791,1,1,1,1,2.2250,2.2250,2.2250,2.2250,2.2200,0.0000,2.2200,2.2200,-10.2400,-10.2400,-10.2400,-10.2400,-10.2400,-10.2400,-10.2400,-10.2400
2025-06-15_05:36:53.795,1,1,1,1,2.2250,2.2250,2.2250,2.2250,2.2200,0.0000,2.2200,2.2200,-10.2400,-10.2400,-10.2400,-10.2400,-10.2400,-10.2400,-10.2400,-10.2400
2025-06-15_05:36:54.798,1,1,1,1,2.2200,2.2250,2.2250,2.2250,2.2200,0.0000,2.2200,2.2200,-10.2400,-10.2400,-10.2400,-10.2400,-10.2400,-10.2400,-10.2400,-10.2400
2025-06-15_05:36:55.801,1,1,1,1,2.2250,2.2250,2.2250,2.2250,2.2200,0.0000,2.2200,2.2200,-10.2400,-10.2400,-10.2400,-10.2400,-10.2400,-10.2400,-10.2400,-10.2400
2025-06-15_05:36:56.805,1,1,1,1,2.2250,2.2250,2.2250,2.2250,2.2200,0.0000,2.2200,2.2200,-10.2400,-10.2400,-10.2400,-10.2400,-10.2400,-10.2400,-10.2400,-10.2400
2025-06-15_05:36:57.810,1,1,1,1,2.2250,2.2250,2.2200,2.2250,2.2200,0.0000,2.2200,2.2200,-10.2400,-10.2400,-10.2400,-10.2400,-10.2400,-10.2400,-10.2400,-10.2400
2025-06-15_05:36:58.816,1,1,1,1,2.2200,2.2250,2.2250,2.2250,2.2200,0.0000,2.2200,2.2200,-10.2400,-10.2400,-10.2400,-10.2400,-10.2400,-10.2400,-10.2400,-10.2400
2025-06-15_05:36:59.820,1,1,1,1,2.2200,2.2250,2.2250,2.2250,2.2200,0.0000,2.2200,2.2200,-10.2400,-10.2400,-10.2400,-10.2400,-10.2400,-10.2400,-10.2400,-10.2400
2025-06-15_05:37:00.824,1,1,1,1,2.2200,2.2250,2.2250,2.2250,2.2200,0.0000,2.2200,2.2200,-10.2400,-10.2400,-10.2400,-10.2400,-10.2400,-10.2400,-10.2400,-10.2400
2025-06-15_05:37:01.829,1,1,1,1,2.2200,2.2250,2.2250,2.2250,2.2200,0.0000,2.2200,2.2200,-10.2400,-10.2400,-10.2400,-10.2400,-10.2400,-10.2400,-10.2400,-10.2400
2025-06-15_05:37:02.832,1,1,1,1,2.2250,2.2250,2.2250,2.2250,2.2200,0.0000,2.2200,2.2200,-10.2400,-10.2400,-10.2400,-10.2400,-10.2400,-10.2400,-10.2400,-10.2400
2025-06-15_05:37:03.837,1,1,1,1,2.2200,2.2250,2.2250,2.2250,2.2200,0.0000,2.2200,2.2200,-10.2400,-10.2400,-10.2400,-10.2400,-10.2400,-10.2400,-10.2400,-10.2400
2025-06-15_05:37:04.841,1,1,1,1,2.2200,2.2250,2.2250,2.2250,2.2200,0.0000,2.2200,2.2200,-10.2400,-10.2400,-10.2400,-10.2400,-10.2400,-10.2400,-10.2400,-10.2400
2025-06-15_05:37:05.845,1,1,1,1,2.2250,2.2250,2.2250,2.2250,2.2200,0.0000,2.2200,2.2200,-10.2400,-10.2400,-10.2400,-10.2400,-10.2400,-10.2400,-10.2400,-10.2400
2025-06-15_05:37:06.850,1,1,1,1,2.2250,2.2250,2.2250,2.2250,2.2200,0.0000,2.2200,2.2200,-10.2400,-10.2400,-10.2400,-10.2400,-10.2400,-10.2400,-10.2400,-10.2400
2025-06-15_05:37:07.854,1,1,1,1,2.2250,2.2250,2.2250,2.2250,2.2200,0.0000,2.2200,2.2200,-10.2400,-10.2400,-10.2400,-10.2400,-10.2400,-10.2400,-10.2400,-10.2400
2025-06-15_05:37:08.860,1,1,1,1,2.2200,2.2250,2.2250,2.2250,2.2200,0.0000,2.2200,2.2200,-10.2400,-10.2400,-10.2400,-10.2400,-10.2400,-10.2400,-10.2400,-10.2400
2025-06-15_05:37:09.865,1,1,1,1,2.2250,2.2250,2.2250,2.2250,2.2200,0.0000,2.2200,2.2200,-10.2400,-10.2400,-10.2400,-10.2400,-10.2400,-10.2400,-10.2400,-10.2400
2025-06-15_05:37:10.869,1,1,1,1,2.2250,2.2250,2.2250,2.2250,2.2200,0.0000,2.2200,2.2200,-10.2400,-10.2400,-10.2400,-10.2400,-10.2400,-10.2400,-10.2400,-10.2400
2025-06-15_05:37:11.874,1,1,1,1,2.2250,2.2250,2.2250,2.2250,2.2200,0.0000,2.2200,2.2200,-10.2400,-10.2400,-10.2400,-10.2400,-10.2400,-10.2400,-10.2400,-10.2400
2025-06-15_05:37:12.878,1,1,1,1,2.2250,2.2250,2.2250,2.2250,2.2200,0.0000,2.2200,2.2200,-10.2400,-10.2400,-10.2400,-10.2400,-10.2400,-10.2400,-10.2400,-10.2400
2025-06-15_05:37:13.882,1,1,1,1,2.2250,2.2250,2.2250,2.2250,2.2200,0.0000,2.2200,2.2200,-10.2400,-10.2400,-10.2400,-10.2400,-10.2400,-10.2400,-10.2400,-10.2400
2025-06-15_05:37:14.887,1,1,1,1,2.2250,2.2250,2.2250,2.2250,2.2200,0.0000,2.2200,2.2200,-10.2400,-10.2400,-10.2400,-10.2400,-10.2400,-10.2400,-10.2400,-10.2400
2025-06-15_05:37:15.891,1,1,1,1,2.2250,2.2250,2.2250,2.2250,2.2200,0.0000,2.2200,2.2200,-10.2400,-10.2400,-10.2400,-10.2400,-10.2400,-10.2400,-10.2400,-10.2400
2025-06-15_05:37:16.895,1,1,1,1,2.2250,2.2250,2.2250,2.2250,2.2200,0.0000,2.2200,2.2200,-10.2400,-10.2400,-10.2400,-10.2400,-10.2400,-10.2400,-10.2400,-10.2400
2025-06-15_05:37:17.900,1,1,1,1,2.2250,2.2250,2.2250,2.2250,2.2200,0.0000,2.2200,2.2200,-10.2400,-10.2400,-10.2400,-10.2400,-10.2400,-10.2400,-10.2400,-10.2400
2025-06-15_05:37:18.906,1,1,1,1,2.2250,2.2250,2.2250,2.2250,2.2200,0.0000,2.2200,2.2200,-10.2400,-10.2400,-10.2400,-10.2400,-10.2400,-10.2400,-10.2400,-10.2400
2025-06-15_05:37:19.910,1,1,1,1,2.2250,2.2250,2.2250,2.2250,2.2200,0.0000,2.2200,2.2200,-10.2400,-10.2400,-10.2400,-10.2400,-10.2400,-10.2400,-10.2400,-10.2400
2025-06-15_05:37:20.914,1,1,1,1,2.2250,2.2250,2.2250,2.2250,2.2200,0.0000,2.2200,2.2200,-10.2400,-10.2400,-10.2400,-10.2400,-10.2400,-10.2400,-10.2400,-10.2400
2025-06-15_05:37:21.919,1,1,1,1,2.2250,2.2250,2.2250,2.2250,2.2200,0.0000,2.2200,2.2200,-10.2400,-10.2400,-10.2400,-10.2400,-10.2400,-10.2400,-10.2400,-10.2400
2025-06-15_05:37:22.923,1,1,1,1,2.2250,2.2250,2.2250,2.2250,2.2200,0.0000,2.2200,2.2200,-10.2400,-10.2400,-10.2400,-10.2400,-10.2400,-10.2400,-10.2400,-10.2400
2025-06-15_05:37:23.928,1,1,1,1,2.2250,2.2250,2.2250,2.2250,2.2200,0.0000,2.2200,2.2200,-10.2400,-10.2400,-10.2400,-10.2400,-10.2400,-10.2400,-10.2400,-10.2400
2025-06-15_05:37:24.932,1,1,1,1,2.2250,2.2250,2.2250,2.2250,2.2200,0.0000,2.2200,2.2200,-10.2400,-10.2400,-10.2400,-10.2400,-10.2400,-10.2400,-10.2400,-10.2400
2025-06-15_05:37:25.936,1,1,1,1,2.2200,2.2250,2.2250,2.2250,2.2200,0.0000,2.2200,2.2200,-10.2400,-10.2400,-10.2400,-10.2400,-10.2400,-10.2400,-10.2400,-10.2400
2025-06-15_05:37:26.940,1,1,1,1,2.2200,2.2250,2.2250,2.2250,2.2200,0.0000,2.2200,2.2200,-10.2400,-10.2400,-10.2400,-10.2400,-10.2400,-10.2400,-10.2400,-10.2400
2025-06-15_05:37:27.945,1,1,1,1,2.2250,2.2250,2.2250,2.2250,2.2200,0.0000,2.2200,2.2200,-10.2400,-10.2400,-10.2400,-10.2400,-10.2400,-10.2400,-10.2400,-10.2400
2025-06-15_05:37:28.949,1,1,1,1,2.2200,2.2250,2.2250,2.2250,2.2200,0.0000,2.2200,2.2200,-10.2400,-10.2400,-10.2400,-10.2400,-10.2400,-10.2400,-10.2400,-10.2400
2025-06-15_05:37:29.953,1,1,1,1,2.2250,2.2250,2.2250,2.2250,2.2200,0.0000,2.2200,2.2200,-10.2400,-10.2400,-10.2400,-10.2400,-10.2400,-10.2400,-10.2400,-10.2400
2025-06-15_05:37:30.957,1,1,1,1,2.2250,2.2250,2.2250,2.2250,2.2200,0.0000,2.2200,2.2200,-10.2400,-10.2400,-10.2400,-10.2400,-10.2400,-10.2400,-10.2400,-10.2400
2025-06-15_05:37:31.960,1,1,1,1,2.2250,2.2250,2.2250,2.2250,2.2200,0.0000,2.2200,2.2200,-10.2400,-10.2400,-10.2400,-10.2400,-10.2400,-10.2400,-10.2400,-10.2400
2025-06-15_05:37:32.963,1,1,1,1,2.2250,2.2250,2.2250,2.2250,2.2200,0.0000,2.2200,2.2200,-10.2400,-10.2400,-10.2400,-10.2400,-10.2400,-10.2400,-10.2400,-10.2400
2025-06-15_05:37:33.966,1,1,1,1,2.2250,2.2250,2.2250,2.2250,2.2200,0.0000,2.2200,2.2200,-10.2400,-10.2400,-10.2400,-10.2400,-10.2400,-10.2400,-10.2400,-10.2400
2025-06-15_05:37:34.969,1,1,1,1,2.2250,2.2250,2.2250,2.2250,2.2200,0.0000,2.2200,2.2200,-10.2400,-10.2400,-10.2400,-10.2400,-10.2400,-10.2400,-10.2400,-10.2400
2025-06-15_05:37:35.972,1,1,1,1,2.2250,2.2250,2.2250,2.2250,2.2200,0.0000,2.2200,2.2200,-10.2400,-10.2400,-10.2400,-10.2400,-10.2400,-10.2400,-10.2400,-10.2400
2025-06-15_05:37:36.976,1,1,1,1,2.2250,2.2250,2.2250,2.2250,2.2200,0.0000,2.2200,2.2200,-10.2400,-10.2400,-10.2400,-10.2400,-10.2400,-10.2400,-10.2400,-10.2400
2025-06-15_05:37:37.981,1,1,1,1,2.2250,2.2250,2.2250,2.2250,2.2200,0.0000,2.2200,2.2200,-10.2400,-10.2400,-10.2400,-10.2400,-10.2400,-10.2400,-10.2400,-10.2400
2025-06-15_05:37:38.987,1,1,1,1,2.2200,2.2250,2.2250,2.2250,2.2200,0.0000,2.2200,2.2200,-10.2400,-10.2400,-10.2400,-10.2400,-10.2400,-10.2400,-10.2400,-10.2400
2025-06-15_05:37:39.991,1,1,1,1,2.2250,2.2250,2.2250,2.2250,2.2200,0.0000,2.2200,2.2200,-10.2400,-10.2400,-10.2400,-10.2400,-10.2400,-10.2400,-10.2400,-10.2400
2025-06-15_05:37:40.996,1,1,1,1,2.2250,2.2250,2.2250,2.2250,2.2200,0.0000,2.2200,2.2200,-10.2400,-10.2400,-10.2400,-10.2400,-10.2400,-10.2400,-10.2400,-10.2400
2025-06-15_05:37:42.000,1,1,1,1,2.2200,2.2250,2.2250,2.2250,2.2200,0.0000,2.2200,2.2200,-10.2400,-10.2400,-10.2400,-10.2400,-10.2400,-10.2400,-10.2400,-10.2400
2025-06-15_05:37:43.004,1,1,1,1,2.2200,2.2250,2.2250,2.2250,2.2200,0.0000,2.2200,2.2200,-10.2400,-10.2400,-10.2400,-10.2400,-10.2400,-10.2400,-10.2400,-10.2400
2025-06-15_05:37:44.008,1,1,1,1,2.2250,2.2250,2.2250,2.2250,2.2200,0.0000,2.2200,2.2200,-10.2400,-10.2400,-10.2400,-10.2400,-10.2400,-10.2400,-10.2400,-10.2400
2025-06-15_05:37:45.013,1,1,1,1,2.2250,2.2250,2.2250,2.2250,2.2200,0.0000,2.2200,2.2200,-10.2400,-10.2400,-10.2400,-10.2400,-10.2400,-10.2400,-10.2400,-10.2400
2025-06-15_05:37:46.018,1,1,1,1,2.2250,2.2250,2.2250,2.2250,2.2200,0.0000,2.2200,2.2200,-10.2400,-10.2400,-10.2400,-10.2400,-10.2400,-10.2400,-10.2400,-10.2400
2025-06-15_05:37:47.022,1,1,1,1,2.2250,2.2250,2.2250,2.2250,2.2200,0.0000,2.2200,2.2200,-10.2400,-10.2400,-10.2400,-10.2400,-10.2400,-10.2400,-10.2400,-10.2400
2025-06-15_05:37:48.027,1,1,1,1,2.2250,2.2250,2.2250,2.2250,2.2200,0.0000,2.2200,2.2200,-10.2400,-10.2400,-10.2400,-10.2400,-10.2400,-10.2400,-10.2400,-10.2400
2025-06-15_05:37:49.032,1,1,1,1,2.2200,2.2250,2.2250,2.2250,2.2200,0.0000,2.2200,2.2200,-10.2400,-10.2400,-10.2400,-10.2400,-10.2400,-10.2400,-10.2400,-10.2400
2025-06-15_05:37:50.036,1,1,1,1,2.2250,2.2250,2.2250,2.2250,2.2200,0.0000,2.2200,2.2200,-10.2400,-10.2400,-10.2400,-10.2400,-10.2400,-10.2400,-10.2400,-10.2400
2025-06-15_05:37:51.040,1,1,1,1,2.2200,2.2250,2.2250,2.2250,2.2200,0.0000,2.2200,2.2200,-10.2400,-10.2400,-10.2400,-10.2400,-10.2400,-10.2400,-10.2400,-10.2400
2025-06-15_05:37:52.045,1,1,1,1,2.2250,2.2250,2.2250,2.2250,2.2200,0.0000,2.2200,2.2200,-10.2400,-10.2400,-10.2400,-10.2400,-10.2400,-10.2400,-10.2400,-10.2400
2025-06-15_05:37:53.049,1,1,1,1,2.2250,2.2250,2.2250,2.2250,2.2200,0.0000,2.2200,2.2200,-10.2400,-10.2400,-10.2400,-10.2400,-10.2400,-10.2400,-10.2400,-10.2400
2025-06-15_05:37:54.054,1,1,1,1,2.2250,2.2250,2.2250,2.2250,2.2200,0.0000,2.2200,2.2200,-10.2400,-10.2400,-10.2400,-10.2400,-10.2400,-10.2400,-10.2400,-10.2400
2025-06-15_05:37:55.057,1,1,1,1,2.2250,2.2250,2.2250,2.2250,2.2200,0.0000,2.2200,2.2200,-10.2400,-10.2400,-10.2400,-10.2400,-10.2400,-10.2400,-10.2400,-10.2400
2025-06-15_05:37:56.062,1,1,1,1,2.2250,2.2250,2.2250,2.2250,2.2200,0.0000,2.2200,2.2200,-10.2400,-10.2400,-10.2400,-10.2400,-10.2400,-10.2400,-10.2400,-10.2400
2025-06-15_05:37:57.065,1,1,1,1,2.2250,2.2250,2.2250,2.2250,2.2200,0.0000,2.2200,2.2200,-10.2400,-10.2400,-10.2400,-10.2400,-10.2400,-10.2400,-10.2400,-10.2400
2025-06-15_05:37:58.069,1,1,1,1,2.2250,2.2250,2.2250,2.2250,2.2200,0.0000,2.2200,2.2200,-10.2400,-10.2400,-10.2400,-10.2400,-10.2400,-10.2400,-10.2400,-10.2400
2025-06-15_05:37:59.073,1,1,1,1,2.2200,2.2250,2.2250,2.2250,2.2200,0.0000,2.2200,2.2200,-10.2400,-10.2400,-10.2400,-10.2400,-10.2400,-10.2400,-10.2400,-10.2400
2025-06-15_05:38:00.078,1,1,1,1,2.2250,2.2250,2.2250,2.2250,2.2200,0.0000,2.2200,2.2200,-10.2400,-10.2400,-10.2400,-10.2400,-10.2400,-10.2400,-10.2400,-10.2400
2025-06-15_05:38:01.083,1,1,1,1,2.2250,2.2250,2.2250,2.2250,2.2200,0.0000,2.2200,2.2200,-10.2400,-10.2400,-10.2400,-10.2400,-10.2400,-10.2400,-10.2400,-10.2400
2025-06-15_05:38:02.088,1,1,1,1,2.2250,2.2250,2.2250,2.2250,2.2200,0.0000,2.2200,2.2200,-10.2400,-10.2400,-10.2400,-10.2400,-10.2400,-10.2400,-10.2400,-10.2400
2025-06-15_05:38:03.093,1,1,1,1,2.2200,2.2250,2.2250,2.2250,2.2200,0.0000,2.2200,2.2200,-10.2400,-10.2400,-10.2400,-10.2400,-10.2400,-10.2400,-10.2400,-10.2400
2025-06-15_05:38:04.097,1,1,1,1,2.2250,2.2250,2.2250,2.2250,2.2200,0.0000,2.2200,2.2200,-10.2400,-10.2400,-10.2400,-10.2400,-10.2400,-10.2400,-10.2400,-10.2400
2025-06-15_05:38:05.101,1,1,1,1,2.2250,2.2250,2.2250,2.2250,2.2200,0.0000,2.2200,2.2200,-10.2400,-10.2400,-10.2400,-10.2400,-10.2400,-10.2400,-10.2400,-10.2400
2025-06-15_05:38:06.105,1,1,1,1,2.2250,2.2250,2.2250,2.2250,2.2200,0.0000,2.2200,2.2200,-10.2400,-10.2400,-10.2400,-10.2400,-10.2400,-10.2400,-10.2400,-10.2400
2025-06-15_05:38:07.109,1,1,1,1,2.2200,2.2250,2.2250,2.2250,2.2200,0.0000,2.2200,2.2200,-10.2400,-10.2400,-10.2400,-10.2400,-10.2400,-10.2400,-10.2400,-10.2400
2025-06-15_05:38:08.114,1,1,1,1,2.2250,2.2250,2.2250,2.2250,2.2200,0.0000,2.2200,2.2200,-10.2400,-10.2400,-10.2400,-10.2400,-10.2400,-10.2400,-10.2400,-10.2400
2025-06-15_05:38:09.118,1,1,1,1,2.2250,2.2250,2.2250,2.2250,2.2200,0.0000,2.2200,2.2200,-10.2400,-10.2400,-10.2400,-10.2400,-10.2400,-10.2400,-10.2400,-10.2400
2025-06-15_05:38:10.123,1,1,1,1,2.2250,2.2250,2.2250,2.2250,2.2200,0.0000,2.2200,2.2200,-10.2400,-10.2400,-10.2400,-10.2400,-10.2400,-10.2400,-10.2400,-10.2400
2025-06-15_05:38:11.127,1,1,1,1,2.2250,2.2250,2.2200,2.2250,2.2200,0.0000,2.2200,2.2200,-10.2400,-10.2400,-10.2400,-10.2400,-10.2400,-10.2400,-10.2400,-10.2400
2025-06-15_05:38:12.132,1,1,1,1,2.2250,2.2250,2.2250,2.2250,2.2200,0.0000,2.2200,2.2200,-10.2400,-10.2400,-10.2400,-10.2400,-10.2400,-10.2400,-10.2400,-10.2400
2025-06-15_05:38:13.137,1,1,1,1,2.2250,2.2250,2.2250,2.2250,2.2200,0.0000,2.2200,2.2200,-10.2400,-10.2400,-10.2400,-10.2400,-10.2400,-10.2400,-10.2400,-10.2400
2025-06-15_05:38:14.141,1,1,1,1,2.2250,2.2250,2.2250,2.2250,2.2200,0.0000,2.2200,2.2200,-10.2400,-10.2400,-10.2400,-10.2400,-10.2400,-10.2400,-10.2400,-10.2400
2025-06-15_05:38:15.146,1,1,1,1,2.2250,2.2250,2.2250,2.2250,2.2200,0.0000,2.2200,2.2200,-10.2400,-10.2400,-10.2400,-10.2400,-10.2400,-10.2400,-10.2400,-10.2400
2025-06-15_05:38:16.149,1,1,1,1,2.2250,2.2250,2.2250,2.2250,2.2200,0.0000,2.2200,2.2200,-10.2400,-10.2400,-10.2400,-10.2400,-10.2400,-10.2400,-10.2400,-10.2400
2025-06-15_05:38:17.154,1,1,1,1,2.2250,2.2250,2.2250,2.2250,2.2200,0.0000,2.2200,2.2200,-10.2400,-10.2400,-10.2400,-10.2400,-10.2400,-10.2400,-10.2400,-10.2400
2025-06-15_05:38:18.158,1,1,1,1,2.2250,2.2250,2.2250,2.2250,2.2200,0.0000,2.2200,2.2200,-10.2400,-10.2400,-10.2400,-10.2400,-10.2400,-10.2400,-10.2400,-10.2400
2025-06-15_05:38:19.162,1,1,1,1,2.2250,2.2250,2.2250,2.2250,2.2200,0.0000,2.2200,2.2200,-10.2400,-10.2400,-10.2400,-10.2400,-10.2400,-10.2400,-10.2400,-10.2400
2025-06-15_05:38:20.166,1,1,1,1,2.2250,2.2250,2.2250,2.2250,2.2200,0.0000,2.2200,2.2200,-10.2400,-10.2400,-10.2400,-10.2400,-10.2400,-10.2400,-10.2400,-10.2400
2025-06-15_05:38:21.170,1,1,1,1,2.2250,2.2250,2.2250,2.2250,2.2200,0.0000,2.2200,2.2200,-10.2400,-10.2400,-10.2400,-10.2400,-10.2400,-10.2400,-10.2400,-10.2400
2025-06-15_05:38:22.174,1,1,1,1,2.2200,2.2250,2.2250,2.2250,2.2200,0.0000,2.2200,2.2200,-10.2400,-10.2400,-10.2400,-10.2400,-10.2400,-10.2400,-10.2400,-10.2400
2025-06-15_05:38:23.178,1,1,1,1,2.2250,2.2250,2.2250,2.2250,2.2200,0.0000,2.2200,2.2200,-10.2400,-10.2400,-10.2400,-10.2400,-10.2400,-10.2400,-10.2400,-10.2400
2025-06-15_05:38:24.182,1,1,1,1,2.2200,2.2250,2.2250,2.2250,2.2200,0.0000,2.2200,2.2200,-10.2400,-10.2400,-10.2400,-10.2400,-10.2400,-10.2400,-10.2400,-10.2400
2025-06-15_05:38:25.187,1,1,1,1,2.2250,2.2250,2.2250,2.2250,2.2200,0.0000,2.2200,2.2200,-10.2400,-10.2400,-10.2400,-10.2400,-10.2400,-10.2400,-10.2400,-10.2400
2025-06-15_05:38:26.191,1,1,1,1,2.2200,2.2250,2.2250,2.2250,2.2200,0.0000,2.2200,2.2200,-10.2400,-10.2400,-10.2400,-10.2400,-10.2400,-10.2400,-10.2400,-10.2400
2025-06-15_05:38:27.195,1,1,1,1,2.2250,2.2250,2.2250,2.2250,2.2200,0.0000,2.2200,2.2200,-10.2400,-10.2400,-10.2400,-10.2400,-10.2400,-10.2400,-10.2400,-10.2400
2025-06-15_05:38:28.199,1,1,1,1,2.2250,2.2250,2.2250,2.2250,2.2200,0.0000,2.2200,2.2200,-10.2400,-10.2400,-10.2400,-10.2400,-10.2400,-10.2400,-10.2400,-10.2400
2025-06-15_05:38:29.204,1,1,1,1,2.2250,2.2250,2.2250,2.2250,2.2200,0.0000,2.2200,2.2200,-10.2400,-10.2400,-10.2400,-10.2400,-10.2400,-10.2400,-10.2400,-10.2400
2025-06-15_05:38:30.209,1,1,1,1,2.2200,2.2250,2.2250,2.2250,2.2200,0.0000,2.2200,2.2200,-10.2400,-10.2400,-10.2400,-10.2400,-10.2400,-10.2400,-10.2400,-10.2400
2025-06-15_05:38:31.213,1,1,1,1,2.2200,2.2250,2.2250,2.2250,2.2200,0.0000,2.2200,2.2200,-10.2400,-10.2400,-10.2400,-10.2400,-10.2400,-10.2400,-10.2400,-10.2400
2025-06-15_05:38:32.217,1,1,1,1,2.2200,2.2250,2.2250,2.2250,2.2200,0.0000,2.2200,2.2200,-10.2400,-10.2400,-10.2400,-10.2400,-10.2400,-10.2400,-10.2400,-10.2400
2025-06-15_05:38:33.221,1,1,1,1,2.2200,2.2250,2.2250,2.2250,2.2200,0.0000,2.2200,2.2200,-10.2400,-10.2400,-10.2400,-10.2400,-10.2400,-10.2400,-10.2400,-10.2400
2025-06-15_05:38:34.226,1,1,1,1,2.2200,2.2250,2.2250,2.2250,2.2200,0.0000,2.2200,2.2200,-10.2400,-10.2400,-10.2400,-10.2400,-10.2400,-10.2400,-10.2400,-10.2400
2025-06-15_05:38:35.231,1,1,1,1,2.2250,2.2250,2.2250,2.2250,2.2200,0.0000,2.2200,2.2200,-10.2400,-10.2400,-10.2400,-10.2400,-10.2400,-10.2400,-10.2400,-10.2400
2025-06-15_05:38:36.234,1,1,1,1,2.2250,2.2250,2.2250,2.2250,2.2200,0.0000,2.2200,2.2200,-10.2400,-10.2400,-10.2400,-10.2400,-10.2400,-10.2400,-10.2400,-10.2400
2025-06-15_05:38:37.238,1,1,1,1,2.2250,2.2250,2.2250,2.2250,2.2200,0.0000,2.2200,2.2200,-10.2400,-10.2400,-10.2400,-10.2400,-10.2400,-10.2400,-10.2400,-10.2400
2025-06-15_05:38:38.243,1,1,1,1,2.2250,2.2250,2.2250,2.2250,2.2200,0.0000,2.2200,2.2200,-10.2400,-10.2400,-10.2400,-10.2400,-10.2400,-10.2400,-10.2400,-10.2400
2025-06-15_05:38:39.247,1,1,1,1,2.2250,2.2250,2.2250,2.2250,2.2200,0.0000,2.2200,2.2200,-10.2400,-10.2400,-10.2400,-10.2400,-10.2400,-10.2400,-10.2400,-10.2400
2025-06-15_05:38:40.251,1,1,1,1,2.2200,2.2250,2.2250,2.2250,2.2200,0.0000,2.2200,2.2200,-10.2400,-10.2400,-10.2400,-10.2400,-10.2400,-10.2400,-10.2400,-10.2400
2025-06-15_05:38:41.256,1,1,1,1,2.2250,2.2250,2.2250,2.2250,2.2200,0.0000,2.2200,2.2200,-10.2400,-10.2400,-10.2400,-10.2400,-10.2400,-10.2400,-10.2400,-10.2400
2025-06-15_05:38:42.260,1,1,1,1,2.2200,2.2250,2.2250,2.2250,2.2200,0.0000,2.2200,2.2200,-10.2400,-10.2400,-10.2400,-10.2400,-10.2400,-10.2400,-10.2400,-10.2400
2025-06-15_05:38:43.264,1,1,1,1,2.2250,2.2250,2.2250,2.2250,2.2200,0.0000,2.2200,2.2200,-10.2400,-10.2400,-10.2400,-10.2400,-10.2400,-10.2400,-10.2400,-10.2400
2025-06-15_05:38:44.268,1,1,1,1,2.2200,2.2250,2.2250,2.2250,2.2200,0.0000,2.2200,2.2200,-10.2400,-10.2400,-10.2400,-10.2400,-10.2400,-10.2400,-10.2400,-10.2400
2025-06-15_05:38:45.273,1,1,1,1,2.2250,2.2250,2.2250,2.2250,2.2200,0.0000,2.2200,2.2200,-10.2400,-10.2400,-10.2400,-10.2400,-10.2400,-10.2400,-10.2400,-10.2400
2025-06-15_05:38:46.278,1,1,1,1,2.2200,2.2250,2.2250,2.2250,2.2200,0.0000,2.2200,2.2200,-10.2400,-10.2400,-10.2400,-10.2400,-10.2400,-10.2400,-10.2400,-10.2400
2025-06-15_05:38:47.283,1,1,1,1,2.2250,2.2250,2.2250,2.2250,2.2200,0.0000,2.2200,2.2200,-10.2400,-10.2400,-10.2400,-10.2400,-10.2400,-10.2400,-10.2400,-10.2400
2025-06-15_05:38:48.286,1,1,1,1,2.2250,2.2250,2.2250,2.2250,2.2200,0.0000,2.2200,2.2200,-10.2400,-10.2400,-10.2400,-10.2400,-10.2400,-10.2400,-10.2400,-10.2400
2025-06-15_05:38:49.290,1,1,1,1,2.2250,2.2250,2.2250,2.2250,2.2200,0.0000,2.2200,2.2200,-10.2400,-10.2400,-10.2400,-10.2400,-10.2400,-10.2400,-10.2400,-10.2400
2025-06-15_05:38:50.293,1,1,1,1,2.2250,2.2250,2.2250,2.2250,2.2200,0.0000,2.2200,2.2200,-10.2400,-10.2400,-10.2400,-10.2400,-10.2400,-10.2400,-10.2400,-10.2400
2025-06-15_05:38:51.297,1,1,1,1,2.2200,2.2250,2.2250,2.2250,2.2200,0.0000,2.2200,2.2200,-10.2400,-10.2400,-10.2400,-10.2400,-10.2400,-10.2400,-10.2400,-10.2400
2025-06-15_05:38:52.302,1,1,1,1,2.2250,2.2250,2.2250,2.2250,2.2200,0.0000,2.2200,2.2200,-10.2400,-10.2400,-10.2400,-10.2400,-10.2400,-10.2400,-10.2400,-10.2400
2025-06-15_05:38:53.307,1,1,1,1,2.2250,2.2250,2.2250,2.2250,2.2200,0.0000,2.2200,2.2200,-10.2400,-10.2400,-10.2400,-10.2400,-10.2400,-10.2400,-10.2400,-10.2400
2025-06-15_05:38:54.311,1,1,1,1,2.2250,2.2250,2.2250,2.2250,2.2200,0.0000,2.2200,2.2200,-10.2400,-10.2400,-10.2400,-10.2400,-10.2400,-10.2400,-10.2400,-10.2400
2025-06-15_05:38:55.314,1,1,1,1,2.2200,2.2250,2.2250,2.2250,2.2200,0.0000,2.2200,2.2200,-10.2400,-10.2400,-10.2400,-10.2400,-10.2400,-10.2400,-10.2400,-10.2400
2025-06-15_05:38:56.319,1,1,1,1,2.2200,2.2250,2.2250,2.2250,2.2200,0.0000,2.2200,2.2200,-10.2400,-10.2400,-10.2400,-10.2400,-10.2400,-10.2400,-10.2400,-10.2400
2025-06-15_05:38:57.324,1,1,1,1,2.2200,2.2250,2.2250,2.2250,2.2200,0.0000,2.2200,2.2200,-10.2400,-10.2400,-10.2400,-10.2400,-10.2400,-10.2400,-10.2400,-10.2400
2025-06-15_05:38:58.327,1,1,1,1,2.2200,2.2250,2.2250,2.2250,2.2200,0.0000,2.2200,2.2200,-10.2400,-10.2400,-10.2400,-10.2400,-10.2400,-10.2400,-10.2400,-10.2400
2025-06-15_05:38:59.331,1,1,1,1,2.2250,2.2250,2.2250,2.2250,2.2200,0.0000,2.2200,2.2200,-10.2400,-10.2400,-10.2400,-10.2400,-10.2400,-10.2400,-10.2400,-10.2400
2025-06-15_05:39:00.336,1,1,1,1,2.2200,2.2250,2.2250,2.2250,2.2200,0.0000,2.2200,2.2200,-10.2400,-10.2400,-10.2400,-10.2400,-10.2400,-10.2400,-10.2400,-10.2400
2025-06-15_05:39:01.341,1,1,1,1,2.2200,2.2250,2.2250,2.2250,2.2200,0.0000,2.2200,2.2200,-10.2400,-10.2400,-10.2400,-10.2400,-10.2400,-10.2400,-10.2400,-10.2400
2025-06-15_05:39:02.345,1,1,1,1,2.2250,2.2250,2.2250,2.2250,2.2200,0.0000,2.2200,2.2200,-10.2400,-10.2400,-10.2400,-10.2400,-10.2400,-10.2400,-10.2400,-10.2400
2025-06-15_05:39:03.348,1,1,1,1,2.2250,2.2250,2.2250,2.2250,2.2200,0.0000,2.2200,2.2200,-10.2400,-10.2400,-10.2400,-10.2400,-10.2400,-10.2400,-10.2400,-10.2400
2025-06-15_05:39:04.352,1,1,1,1,2.2250,2.2250,2.2250,2.2250,2.2200,0.0000,2.2200,2.2200,-10.2400,-10.2400,-10.2400,-10.2400,-10.2400,-10.2400,-10.2400,-10.2400
2025-06-15_05:39:05.355,1,1,1,1,2.2250,2.2250,2.2250,2.2250,2.2200,0.0000,2.2200,2.2200,-10.2400,-10.2400,-10.2400,-10.2400,-10.2400,-10.2400,-10.2400,-10.2400
2025-06-15_05:39:06.358,1,1,1,1,2.2250,2.2250,2.2250,2.2250,2.2200,0.0000,2.2200,2.2200,-10.2400,-10.2400,-10.2400,-10.2400,-10.2400,-10.2400,-10.2400,-10.2400
2025-06-15_05:39:07.362,1,1,1,1,2.2200,2.2250,2.2250,2.2250,2.2200,0.0000,2.2200,2.2200,-10.2400,-10.2400,-10.2400,-10.2400,-10.2400,-10.2400,-10.2400,-10.2400
2025-06-15_05:39:08.369,1,1,1,1,2.2250,2.2250,2.2250,2.2250,2.2200,0.0000,2.2200,2.2200,-10.2400,-10.2400,-10.2400,-10.2400,-10.2400,-10.2400,-10.2400,-10.2400
2025-06-15_05:39:09.373,1,1,1,1,2.2200,2.2250,2.2250,2.2250,2.2200,0.0000,2.2200,2.2200,-10.2400,-10.2400,-10.2400,-10.2400,-10.2400,-10.2400,-10.2400,-10.2400
2025-06-15_05:39:10.378,1,1,1,1,2.2250,2.2250,2.2250,2.2250,2.2200,0.0000,2.2200,2.2200,-10.2400,-10.2400,-10.2400,-10.2400,-10.2400,-10.2400,-10.2400,-10.2400
2025-06-15_05:39:11.383,1,1,1,1,2.2200,2.2250,2.2200,2.2250,2.2200,0.0000,2.2200,2.2200,-10.2400,-10.2400,-10.2400,-10.2400,-10.2400,-10.2400,-10.2400,-10.2400
2025-06-15_05:39:12.388,1,1,1,1,2.2250,2.2250,2.2250,2.2250,2.2200,0.0000,2.2200,2.2200,-10.2400,-10.2400,-10.2400,-10.2400,-10.2400,-10.2400,-10.2400,-10.2400
2025-06-15_05:39:13.393,1,1,1,1,2.2200,2.2250,2.2250,2.2250,2.2200,0.0000,2.2200,2.2200,-10.2400,-10.2400,-10.2400,-10.2400,-10.2400,-10.2400,-10.2400,-10.2400
2025-06-15_05:39:14.397,1,1,1,1,2.2250,2.2250,2.2250,2.2250,2.2200,0.0000,2.2200,2.2200,-10.2400,-10.2400,-10.2400,-10.2400,-10.2400,-10.2400,-10.2400,-10.2400
2025-06-15_05:39:15.401,1,1,1,1,2.2250,2.2250,2.2250,2.2250,2.2200,0.0000,2.2200,2.2200,-10.2400,-10.2400,-10.2400,-10.2400,-10.2400,-10.2400,-10.2400,-10.2400
2025-06-15_05:39:16.406,1,1,1,1,2.2200,2.2250,2.2250,2.2250,2.2200,0.0000,2.2200,2.2200,-10.2400,-10.2400,-10.2400,-10.2400,-10.2400,-10.2400,-10.2400,-10.2400
2025-06-15_05:39:17.410,1,1,1,1,2.2250,2.2250,2.2250,2.2250,2.2200,0.0000,2.2200,2.2200,-10.2400,-10.2400,-10.2400,-10.2400,-10.2400,-10.2400,-10.2400,-10.2400
2025-06-15_05:39:18.415,1,1,1,1,2.2250,2.2250,2.2250,2.2250,2.2200,0.0000,2.2200,2.2200,-10.2400,-10.2400,-10.2400,-10.2400,-10.2400,-10.2400,-10.2400,-10.2400
2025-06-15_05:39:19.419,1,1,1,1,2.2250,2.2250,2.2250,2.2250,2.2200,0.0000,2.2200,2.2200,-10.2400,-10.2400,-10.2400,-10.2400,-10.2400,-10.2400,-10.2400,-10.2400
2025-06-15_05:39:20.424,1,1,1,1,2.2250,2.2250,2.2250,2.2250,2.2200,0.0000,2.2200,2.2200,-10.2400,-10.2400,-10.2400,-10.2400,-10.2400,-10.2400,-10.2400,-10.2400
2025-06-15_05:39:21.427,1,1,1,1,2.2250,2.2250,2.2250,2.2250,2.2200,0.0000,2.2200,2.2200,-10.2400,-10.2400,-10.2400,-10.2400,-10.2400,-10.2400,-10.2400,-10.2400
2025-06-15_05:39:22.432,1,1,1,1,2.2200,2.2250,2.2250,2.2250,2.2200,0.0000,2.2200,2.2200,-10.2400,-10.2400,-10.2400,-10.2400,-10.2400,-10.2400,-10.2400,-10.2400
2025-06-15_05:39:23.436,1,1,1,1,2.2250,2.2250,2.2250,2.2250,2.2200,0.0000,2.2200,2.2200,-10.2400,-10.2400,-10.2400,-10.2400,-10.2400,-10.2400,-10.2400,-10.2400
2025-06-15_05:39:24.441,1,1,1,1,2.2250,2.2250,2.2250,2.2250,2.2200,0.0000,2.2200,2.2200,-10.2400,-10.2400,-10.2400,-10.2400,-10.2400,-10.2400,-10.2400,-10.2400
2025-06-15_05:39:25.446,1,1,1,1,2.2200,2.2250,2.2250,2.2250,2.2200,0.0000,2.2200,2.2200,-10.2400,-10.2400,-10.2400,-10.2400,-10.2400,-10.2400,-10.2400,-10.2400
2025-06-15_05:39:26.450,1,1,1,1,2.2200,2.2250,2.2250,2.2250,2.2200,0.0000,2.2200,2.2200,-10.2400,-10.2400,-10.2400,-10.2400,-10.2400,-10.2400,-10.2400,-10.2400
2025-06-15_05:39:27.454,1,1,1,1,2.2250,2.2250,2.2250,2.2250,2.2200,0.0000,2.2200,2.2200,-10.2400,-10.2400,-10.2400,-10.2400,-10.2400,-10.2400,-10.2400,-10.2400
2025-06-15_05:39:28.461,1,1,1,1,2.2200,2.2250,2.2250,2.2250,2.2200,0.0000,2.2200,2.2200,-10.2400,-10.2400,-10.2400,-10.2400,-10.2400,-10.2400,-10.2400,-10.2400
2025-06-15_05:39:29.465,1,1,1,1,2.2250,2.2250,2.2250,2.2250,2.2200,0.0000,2.2200,2.2200,-10.2400,-10.2400,-10.2400,-10.2400,-10.2400,-10.2400,-10.2400,-10.2400
2025-06-15_05:39:30.470,1,1,1,1,2.2200,2.2250,2.2250,2.2250,2.2200,0.0000,2.2200,2.2200,-10.2400,-10.2400,-10.2400,-10.2400,-10.2400,-10.2400,-10.2400,-10.2400
2025-06-15_05:39:31.475,1,1,1,1,2.2250,2.2250,2.2250,2.2250,2.2200,0.0000,2.2200,2.2200,-10.2400,-10.2400,-10.2400,-10.2400,-10.2400,-10.2400,-10.2400,-10.2400
2025-06-15_05:39:32.478,1,1,1,1,2.2250,2.2250,2.2250,2.2250,2.2200,0.0000,2.2200,2.2200,-10.2400,-10.2400,-10.2400,-10.2400,-10.2400,-10.2400,-10.2400,-10.2400
2025-06-15_05:39:33.482,1,1,1,1,2.2250,2.2250,2.2250,2.2250,2.2200,0.0000,2.2200,2.2200,-10.2400,-10.2400,-10.2400,-10.2400,-10.2400,-10.2400,-10.2400,-10.2400
2025-06-15_05:39:34.485,1,1,1,1,2.2250,2.2250,2.2250,2.2250,2.2200,0.0000,2.2200,2.2200,-10.2400,-10.2400,-10.2400,-10.2400,-10.2400,-10.2400,-10.2400,-10.2400
2025-06-15_05:39:35.488,1,1,1,1,2.2250,2.2250,2.2200,2.2250,2.2200,0.0000,2.2200,2.2200,-10.2400,-10.2400,-10.2400,-10.2400,-10.2400,-10.2400,-10.2400,-10.2400
2025-06-15_05:39:36.491,1,1,1,1,2.2250,2.2250,2.2250,2.2250,2.2200,0.0000,2.2200,2.2200,-10.2400,-10.2400,-10.2400,-10.2400,-10.2400,-10.2400,-10.2400,-10.2400
2025-06-15_05:39:37.495,1,1,1,1,2.2200,2.2250,2.2250,2.2250,2.2200,0.0000,2.2200,2.2200,-10.2400,-10.2400,-10.2400,-10.2400,-10.2400,-10.2400,-10.2400,-10.2400
2025-06-15_05:39:38.504,1,1,1,1,2.2250,2.2250,2.2250,2.2250,2.2200,0.0000,2.2200,2.2200,-10.2400,-10.2400,-10.2400,-10.2400,-10.2400,-10.2400,-10.2400,-10.2400
2025-06-15_05:39:39.508,1,1,1,1,2.2250,2.2250,2.2250,2.2250,2.2200,0.0000,2.2200,2.2200,-10.2400,-10.2400,-10.2400,-10.2400,-10.2400,-10.2400,-10.2400,-10.2400
2025-06-15_05:39:40.512,1,1,1,1,2.2250,2.2250,2.2250,2.2250,2.2200,0.0000,2.2200,2.2200,-10.2400,-10.2400,-10.2400,-10.2400,-10.2400,-10.2400,-10.2400,-10.2400
2025-06-15_05:39:41.516,1,1,1,1,2.2200,2.2250,2.2250,2.2250,2.2200,0.0000,2.2200,2.2200,-10.2400,-10.2400,-10.2400,-10.2400,-10.2400,-10.2400,-10.2400,-10.2400
2025-06-15_05:39:42.521,1,1,1,1,2.2200,2.2250,2.2250,2.2250,2.2200,0.0000,2.2200,2.2200,-10.2400,-10.2400,-10.2400,-10.2400,-10.2400,-10.2400,-10.2400,-10.2400
2025-06-15_05:39:43.525,1,1,1,1,2.2200,2.2250,2.2250,2.2250,2.2200,0.0000,2.2200,2.2200,-10.2400,-10.2400,-10.2400,-10.2400,-10.2400,-10.2400,-10.2400,-10.2400
2025-06-15_05:39:44.530,1,1,1,1,2.2200,2.2250,2.2250,2.2250,2.2200,0.0000,2.2200,2.2200,-10.2400,-10.2400,-10.2400,-10.2400,-10.2400,-10.2400,-10.2400,-10.2400
2025-06-15_05:39:45.535,1,1,1,1,2.2250,2.2250,2.2250,2.2250,2.2200,0.0000,2.2200,2.2200,-10.2400,-10.2400,-10.2400,-10.2400,-10.2400,-10.2400,-10.2400,-10.2400
2025-06-15_05:39:46.540,1,1,1,1,2.2250,2.2250,2.2250,2.2250,2.2200,0.0000,2.2200,2.2200,-10.2400,-10.2400,-10.2400,-10.2400,-10.2400,-10.2400,-10.2400,-10.2400
2025-06-15_05:39:47.544,1,1,1,1,2.2250,2.2250,2.2250,2.2250,2.2200,0.0000,2.2200,2.2200,-10.2400,-10.2400,-10.2400,-10.2400,-10.2400,-10.2400,-10.2400,-10.2400
2025-06-15_05:39:48.549,1,1,1,1,2.2200,2.2250,2.2250,2.2250,2.2200,0.0000,2.2200,2.2200,-10.2400,-10.2400,-10.2400,-10.2400,-10.2400,-10.2400,-10.2400,-10.2400
2025-06-15_05:39:49.553,1,1,1,1,2.2200,2.2250,2.2250,2.2250,2.2200,0.0000,2.2200,2.2200,-10.2400,-10.2400,-10.2400,-10.2400,-10.2400,-10.2400,-10.2400,-10.2400
2025-06-15_05:39:50.559,1,1,1,1,2.2250,2.2250,2.2250,2.2250,2.2200,0.0000,2.2200,2.2200,-10.2400,-10.2400,-10.2400,-10.2400,-10.2400,-10.2400,-10.2400,-10.2400
2025-06-15_05:39:51.563,1,1,1,1,2.2250,2.2250,2.2250,2.2250,2.2200,0.0000,2.2200,2.2200,-10.2400,-10.2400,-10.2400,-10.2400,-10.2400,-10.2400,-10.2400,-10.2400
2025-06-15_05:39:52.567,1,1,1,1,2.2200,2.2250,2.2250,2.2250,2.2200,0.0000,2.2200,2.2200,-10.2400,-10.2400,-10.2400,-10.2400,-10.2400,-10.2400,-10.2400,-10.2400
2025-06-15_05:39:53.571,1,1,1,1,2.2250,2.2250,2.2250,2.2250,2.2200,0.0000,2.2200,2.2200,-10.2400,-10.2400,-10.2400,-10.2400,-10.2400,-10.2400,-10.2400,-10.2400
2025-06-15_05:39:54.576,1,1,1,1,2.2250,2.2250,2.2250,2.2250,2.2200,0.0000,2.2200,2.2200,-10.2400,-10.2400,-10.2400,-10.2400,-10.2400,-10.2400,-10.2400,-10.2400
2025-06-15_05:39:55.580,1,1,1,1,2.2250,2.2250,2.2250,2.2250,2.2200,0.0000,2.2200,2.2200,-10.2400,-10.2400,-10.2400,-10.2400,-10.2400,-10.2400,-10.2400,-10.2400
2025-06-15_05:39:56.585,1,1,1,1,2.2200,2.2250,2.2250,2.2250,2.2200,0.0000,2.2200,2.2200,-10.2400,-10.2400,-10.2400,-10.2400,-10.2400,-10.2400,-10.2400,-10.2400
2025-06-15_05:39:57.589,1,1,1,1,2.2200,2.2250,2.2250,2.2250,2.2200,0.0000,2.2200,2.2200,-10.2400,-10.2400,-10.2400,-10.2400,-10.2400,-10.2400,-10.2400,-10.2400
2025-06-15_05:39:58.593,1,1,1,1,2.2250,2.2250,2.2250,2.2250,2.2200,0.0000,2.2200,2.2200,-10.2400,-10.2400,-10.2400,-10.2400,-10.2400,-10.2400,-10.2400,-10.2400
2025-06-15_05:39:59.596,1,1,1,1,2.2200,2.2250,2.2250,2.2250,2.2200,0.0000,2.2200,2.2200,-10.2400,-10.2400,-10.2400,-10.2400,-10.2400,-10.2400,-10.2400,-10.2400
2025-06-15_05:40:00.601,1,1,1,1,2.2250,2.2250,2.2250,2.2250,2.2200,0.0000,2.2200,2.2200,-10.2400,-10.2400,-10.2400,-10.2400,-10.2400,-10.2400,-10.2400,-10.2400
2025-06-15_05:40:01.606,1,1,1,1,2.2250,2.2250,2.2250,2.2250,2.2200,0.0000,2.2200,2.2200,-10.2400,-10.2400,-10.2400,-10.2400,-10.2400,-10.2400,-10.2400,-10.2400
2025-06-15_05:40:02.610,1,1,1,1,2.2250,2.2250,2.2250,2.2250,2.2200,0.0000,2.2200,2.2200,-10.2400,-10.2400,-10.2400,-10.2400,-10.2400,-10.2400,-10.2400,-10.2400
2025-06-15_05:40:03.614,1,1,1,1,2.2250,2.2250,2.2250,2.2250,2.2200,0.0000,2.2200,2.2200,-10.2400,-10.2400,-10.2400,-10.2400,-10.2400,-10.2400,-10.2400,-10.2400
2025-06-15_05:40:04.618,1,1,1,1,2.2250,2.2250,2.2250,2.2250,2.2200,0.0000,2.2200,2.2200,-10.2400,-10.2400,-10.2400,-10.2400,-10.2400,-10.2400,-10.2400,-10.2400
2025-06-15_05:40:05.620,1,1,1,1,2.2250,2.2250,2.2250,2.2250,2.2200,0.0000,2.2200,2.2200,-10.2400,-10.2400,-10.2400,-10.2400,-10.2400,-10.2400,-10.2400,-10.2400
2025-06-15_05:40:06.624,1,1,1,1,2.2250,2.2250,2.2250,2.2250,2.2200,0.0000,2.2200,2.2200,-10.2400,-10.2400,-10.2400,-10.2400,-10.2400,-10.2400,-10.2400,-10.2400
2025-06-15_05:40:07.627,1,1,1,1,2.2250,2.2250,2.2250,2.2250,2.2200,0.0000,2.2200,2.2200,-10.2400,-10.2400,-10.2400,-10.2400,-10.2400,-10.2400,-10.2400,-10.2400
2025-06-15_05:40:08.632,1,1,1,1,2.2250,2.2250,2.2250,2.2250,2.2200,0.0000,2.2200,2.2200,-10.2400,-10.2400,-10.2400,-10.2400,-10.2400,-10.2400,-10.2400,-10.2400
2025-06-15_05:40:09.637,1,1,1,1,2.2200,2.2250,2.2250,2.2250,2.2200,0.0000,2.2200,2.2200,-10.2400,-10.2400,-10.2400,-10.2400,-10.2400,-10.2400,-10.2400,-10.2400
2025-06-15_05:40:10.641,1,1,1,1,2.2200,2.2250,2.2250,2.2250,2.2200,0.0000,2.2200,2.2200,-10.2400,-10.2400,-10.2400,-10.2400,-10.2400,-10.2400,-10.2400,-10.2400
2025-06-15_05:40:11.646,1,1,1,1,2.2250,2.2250,2.2250,2.2250,2.2200,0.0000,2.2200,2.2200,-10.2400,-10.2400,-10.2400,-10.2400,-10.2400,-10.2400,-10.2400,-10.2400
2025-06-15_05:40:12.651,1,1,1,1,2.2200,2.2250,2.2250,2.2250,2.2200,0.0000,2.2200,2.2200,-10.2400,-10.2400,-10.2400,-10.2400,-10.2400,-10.2400,-10.2400,-10.2400
2025-06-15_05:40:13.656,1,1,1,1,2.2250,2.2250,2.2250,2.2250,2.2200,0.0000,2.2200,2.2200,-10.2400,-10.2400,-10.2400,-10.2400,-10.2400,-10.2400,-10.2400,-10.2400
2025-06-15_05:40:14.660,1,1,1,1,2.2200,2.2250,2.2250,2.2250,2.2200,0.0000,2.2200,2.2200,-10.2400,-10.2400,-10.2400,-10.2400,-10.2400,-10.2400,-10.2400,-10.2400
2025-06-15_05:40:15.665,1,1,1,1,2.2250,2.2250,2.2250,2.2250,2.2200,0.0000,2.2200,2.2200,-10.2400,-10.2400,-10.2400,-10.2400,-10.2400,-10.2400,-10.2400,-10.2400
2025-06-15_05:40:16.670,1,1,1,1,2.2250,2.2250,2.2250,2.2250,2.2200,0.0000,2.2200,2.2200,-10.2400,-10.2400,-10.2400,-10.2400,-10.2400,-10.2400,-10.2400,-10.2400
2025-06-15_05:40:17.673,1,1,1,1,2.2250,2.2250,2.2250,2.2250,2.2200,0.0000,2.2200,2.2200,-10.2400,-10.2400,-10.2400,-10.2400,-10.2400,-10.2400,-10.2400,-10.2400
2025-06-15_05:40:18.678,1,1,1,1,2.2200,2.2250,2.2250,2.2250,2.2200,0.0000,2.2200,2.2200,-10.2400,-10.2400,-10.2400,-10.2400,-10.2400,-10.2400,-10.2400,-10.2400
2025-06-15_05:40:19.682,1,1,1,1,2.2250,2.2250,2.2250,2.2250,2.2200,0.0000,2.2200,2.2200,-10.2400,-10.2400,-10.2400,-10.2400,-10.2400,-10.2400,-10.2400,-10.2400
2025-06-15_05:40:20.686,1,1,1,1,2.2250,2.2250,2.2250,2.2250,2.2200,0.0000,2.2200,2.2200,-10.2400,-10.2400,-10.2400,-10.2400,-10.2400,-10.2400,-10.2400,-10.2400
2025-06-15_05:40:21.690,1,1,1,1,2.2250,2.2250,2.2250,2.2250,2.2200,0.0000,2.2200,2.2200,-10.2400,-10.2400,-10.2400,-10.2400,-10.2400,-10.2400,-10.2400,-10.2400
2025-06-15_05:40:22.693,1,1,1,1,2.2250,2.2250,2.2250,2.2250,2.2200,0.0000,2.2200,2.2200,-10.2400,-10.2400,-10.2400,-10.2400,-10.2400,-10.2400,-10.2400,-10.2400
2025-06-15_05:40:23.697,1,1,1,1,2.2250,2.2250,2.2250,2.2250,2.2200,0.0000,2.2200,2.2200,-10.2400,-10.2400,-10.2400,-10.2400,-10.2400,-10.2400,-10.2400,-10.2400
2025-06-15_05:40:24.701,1,1,1,1,2.2250,2.2250,2.2250,2.2250,2.2200,0.0000,2.2200,2.2200,-10.2400,-10.2400,-10.2400,-10.2400,-10.2400,-10.2400,-10.2400,-10.2400
2025-06-15_05:40:25.705,1,1,1,1,2.2250,2.2250,2.2250,2.2250,2.2200,0.0000,2.2200,2.2200,-10.2400,-10.2400,-10.2400,-10.2400,-10.2400,-10.2400,-10.2400,-10.2400
2025-06-15_05:40:26.709,1,1,1,1,2.2250,2.2250,2.2250,2.2250,2.2200,0.0000,2.2200,2.2200,-10.2400,-10.2400,-10.2400,-10.2400,-10.2400,-10.2400,-10.2400,-10.2400
2025-06-15_05:40:27.713,1,1,1,1,2.2250,2.2250,2.2250,2.2250,2.2200,0.0000,2.2200,2.2200,-10.2400,-10.2400,-10.2400,-10.2400,-10.2400,-10.2400,-10.2400,-10.2400
2025-06-15_05:40:28.717,1,1,1,1,2.2250,2.2250,2.2250,2.2250,2.2200,0.0000,2.2200,2.2200,-10.2400,-10.2400,-10.2400,-10.2400,-10.2400,-10.2400,-10.2400,-10.2400
2025-06-15_05:40:29.721,1,1,1,1,2.2250,2.2250,2.2250,2.2250,2.2200,0.0000,2.2200,2.2200,-10.2400,-10.2400,-10.2400,-10.2400,-10.2400,-10.2400,-10.2400,-10.2400
2025-06-15_05:40:30.725,1,1,1,1,2.2200,2.2250,2.2250,2.2250,2.2200,0.0000,2.2200,2.2200,-10.2400,-10.2400,-10.2400,-10.2400,-10.2400,-10.2400,-10.2400,-10.2400
2025-06-15_05:40:31.729,1,1,1,1,2.2250,2.2250,2.2250,2.2250,2.2200,0.0000,2.2200,2.2200,-10.2400,-10.2400,-10.2400,-10.2400,-10.2400,-10.2400,-10.2400,-10.2400
2025-06-15_05:40:32.733,1,1,1,1,2.2250,2.2250,2.2250,2.2250,2.2200,0.0000,2.2200,2.2200,-10.2400,-10.2400,-10.2400,-10.2400,-10.2400,-10.2400,-10.2400,-10.2400
2025-06-15_05:40:33.737,1,1,1,1,2.2250,2.2250,2.2250,2.2250,2.2200,0.0000,2.2200,2.2200,-10.2400,-10.2400,-10.2400,-10.2400,-10.2400,-10.2400,-10.2400,-10.2400
2025-06-15_05:40:34.740,1,1,1,1,2.2250,2.2250,2.2250,2.2250,2.2200,0.0000,2.2200,2.2200,-10.2400,-10.2400,-10.2400,-10.2400,-10.2400,-10.2400,-10.2400,-10.2400
2025-06-15_05:40:35.744,1,1,1,1,2.2250,2.2250,2.2250,2.2250,2.2200,0.0000,2.2200,2.2200,-10.2400,-10.2400,-10.2400,-10.2400,-10.2400,-10.2400,-10.2400,-10.2400
2025-06-15_05:40:36.748,1,1,1,1,2.2250,2.2250,2.2250,2.2250,2.2200,0.0000,2.2200,2.2200,-10.2400,-10.2400,-10.2400,-10.2400,-10.2400,-10.2400,-10.2400,-10.2400
2025-06-15_05:40:37.751,1,1,1,1,2.2250,2.2250,2.2250,2.2250,2.2200,0.0000,2.2200,2.2200,-10.2400,-10.2400,-10.2400,-10.2400,-10.2400,-10.2400,-10.2400,-10.2400
2025-06-15_05:40:38.755,1,1,1,1,2.2250,2.2250,2.2250,2.2250,2.2200,0.0000,2.2200,2.2200,-10.2400,-10.2400,-10.2400,-10.2400,-10.2400,-10.2400,-10.2400,-10.2400
2025-06-15_05:40:39.759,1,1,1,1,2.2250,2.2250,2.2250,2.2250,2.2200,0.0000,2.2200,2.2200,-10.2400,-10.2400,-10.2400,-10.2400,-10.2400,-10.2400,-10.2400,-10.2400
2025-06-15_05:40:40.763,1,1,1,1,2.2250,2.2250,2.2250,2.2250,2.2200,0.0000,2.2200,2.2200,-10.2400,-10.2400,-10.2400,-10.2400,-10.2400,-10.2400,-10.2400,-10.2400
2025-06-15_05:40:41.768,1,1,1,1,2.2250,2.2250,2.2250,2.2250,2.2200,0.0000,2.2200,2.2200,-10.2400,-10.2400,-10.2400,-10.2400,-10.2400,-10.2400,-10.2400,-10.2400
2025-06-15_05:40:42.773,1,1,1,1,2.2250,2.2250,2.2250,2.2250,2.2200,0.0000,2.2200,2.2200,-10.2400,-10.2400,-10.2400,-10.2400,-10.2400,-10.2400,-10.2400,-10.2400
2025-06-15_05:40:43.778,1,1,1,1,2.2250,2.2250,2.2250,2.2250,2.2200,0.0000,2.2200,2.2200,-10.2400,-10.2400,-10.2400,-10.2400,-10.2400,-10.2400,-10.2400,-10.2400
2025-06-15_05:40:44.783,1,1,1,1,2.2200,2.2250,2.2250,2.2250,2.2200,0.0000,2.2200,2.2200,-10.2400,-10.2400,-10.2400,-10.2400,-10.2400,-10.2400,-10.2400,-10.2400
2025-06-15_05:40:45.787,1,1,1,1,2.2200,2.2250,2.2250,2.2250,2.2200,0.0000,2.2200,2.2200,-10.2400,-10.2400,-10.2400,-10.2400,-10.2400,-10.2400,-10.2400,-10.2400
2025-06-15_05:40:46.792,1,1,1,1,2.2250,2.2250,2.2250,2.2250,2.2200,0.0000,2.2200,2.2200,-10.2400,-10.2400,-10.2400,-10.2400,-10.2400,-10.2400,-10.2400,-10.2400
2025-06-15_05:40:47.796,1,1,1,1,2.2200,2.2250,2.2250,2.2250,2.2200,0.0000,2.2200,2.2200,-10.2400,-10.2400,-10.2400,-10.2400,-10.2400,-10.2400,-10.2400,-10.2400
2025-06-15_05:40:48.800,1,1,1,1,2.2250,2.2250,2.2250,2.2250,2.2200,0.0000,2.2200,2.2200,-10.2400,-10.2400,-10.2400,-10.2400,-10.2400,-10.2400,-10.2400,-10.2400
2025-06-15_05:40:49.803,1,1,1,1,2.2200,2.2250,2.2250,2.2250,2.2200,0.0000,2.2200,2.2200,-10.2400,-10.2400,-10.2400,-10.2400,-10.2400,-10.2400,-10.2400,-10.2400
2025-06-15_05:40:50.807,1,1,1,1,2.2250,2.2250,2.2250,2.2250,2.2200,0.0000,2.2200,2.2200,-10.2400,-10.2400,-10.2400,-10.2400,-10.2400,-10.2400,-10.2400,-10.2400
2025-06-15_05:40:51.811,1,1,1,1,2.2250,2.2250,2.2250,2.2250,2.2200,0.0000,2.2200,2.2200,-10.2400,-10.2400,-10.2400,-10.2400,-10.2400,-10.2400,-10.2400,-10.2400
2025-06-15_05:40:52.816,1,1,1,1,2.2200,2.2250,2.2250,2.2250,2.2200,0.0000,2.2200,2.2200,-10.2400,-10.2400,-10.2400,-10.2400,-10.2400,-10.2400,-10.2400,-10.2400
2025-06-15_05:40:53.820,1,1,1,1,2.2250,2.2250,2.2250,2.2250,2.2200,0.0000,2.2200,2.2200,-10.2400,-10.2400,-10.2400,-10.2400,-10.2400,-10.2400,-10.2400,-10.2400
2025-06-15_05:40:54.824,1,1,1,1,2.2250,2.2250,2.2250,2.2250,2.2200,0.0000,2.2200,2.2200,-10.2400,-10.2400,-10.2400,-10.2400,-10.2400,-10.2400,-10.2400,-10.2400
2025-06-15_05:40:55.829,1,1,1,1,2.2250,2.2250,2.2250,2.2250,2.2200,0.0000,2.2200,2.2200,-10.2400,-10.2400,-10.2400,-10.2400,-10.2400,-10.2400,-10.2400,-10.2400
2025-06-15_05:40:56.833,1,1,1,1,2.2250,2.2250,2.2250,2.2250,2.2200,0.0000,2.2200,2.2200,-10.2400,-10.2400,-10.2400,-10.2400,-10.2400,-10.2400,-10.2400,-10.2400
2025-06-15_05:40:57.837,1,1,1,1,2.2250,2.2250,2.2250,2.2250,2.2200,0.0000,2.2200,2.2200,-10.2400,-10.2400,-10.2400,-10.2400,-10.2400,-10.2400,-10.2400,-10.2400
2025-06-15_05:40:58.844,1,1,1,1,2.2250,2.2250,2.2250,2.2250,2.2200,0.0000,2.2200,2.2200,-10.2400,-10.2400,-10.2400,-10.2400,-10.2400,-10.2400,-10.2400,-10.2400
2025-06-15_05:40:59.849,1,1,1,1,2.2250,2.2250,2.2250,2.2250,2.2200,0.0000,2.2200,2.2200,-10.2400,-10.2400,-10.2400,-10.2400,-10.2400,-10.2400,-10.2400,-10.2400
2025-06-15_05:41:00.853,1,1,1,1,2.2250,2.2250,2.2250,2.2250,2.2200,0.0000,2.2200,2.2200,-10.2400,-10.2400,-10.2400,-10.2400,-10.2400,-10.2400,-10.2400,-10.2400
2025-06-15_05:41:01.857,1,1,1,1,2.2250,2.2250,2.2250,2.2250,2.2200,0.0000,2.2200,2.2200,-10.2400,-10.2400,-10.2400,-10.2400,-10.2400,-10.2400,-10.2400,-10.2400
2025-06-15_05:41:02.862,1,1,1,1,2.2250,2.2250,2.2250,2.2250,2.2200,0.0000,2.2200,2.2200,-10.2400,-10.2400,-10.2400,-10.2400,-10.2400,-10.2400,-10.2400,-10.2400
2025-06-15_05:41:03.867,1,1,1,1,2.2250,2.2250,2.2250,2.2250,2.2200,0.0000,2.2200,2.2200,-10.2400,-10.2400,-10.2400,-10.2400,-10.2400,-10.2400,-10.2400,-10.2400
2025-06-15_05:41:04.870,1,1,1,1,2.2250,2.2250,2.2250,2.2250,2.2200,0.0000,2.2200,2.2200,-10.2400,-10.2400,-10.2400,-10.2400,-10.2400,-10.2400,-10.2400,-10.2400
2025-06-15_05:41:05.874,1,1,1,1,2.2250,2.2250,2.2250,2.2250,2.2200,0.0000,2.2200,2.2200,-10.2400,-10.2400,-10.2400,-10.2400,-10.2400,-10.2400,-10.2400,-10.2400
2025-06-15_05:41:06.877,1,1,1,1,2.2250,2.2250,2.2250,2.2250,2.2200,0.0000,2.2200,2.2200,-10.2400,-10.2400,-10.2400,-10.2400,-10.2400,-10.2400,-10.2400,-10.2400
2025-06-15_05:41:07.882,1,1,1,1,2.2200,2.2250,2.2250,2.2250,2.2200,0.0000,2.2200,2.2200,-10.2400,-10.2400,-10.2400,-10.2400,-10.2400,-10.2400,-10.2400,-10.2400
2025-06-15_05:41:08.887,1,1,1,1,2.2200,2.2250,2.2250,2.2250,2.2200,0.0000,2.2200,2.2200,-10.2400,-10.2400,-10.2400,-10.2400,-10.2400,-10.2400,-10.2400,-10.2400
2025-06-15_05:41:09.890,1,1,1,1,2.2250,2.2250,2.2250,2.2250,2.2200,0.0000,2.2200,2.2200,-10.2400,-10.2400,-10.2400,-10.2400,-10.2400,-10.2400,-10.2400,-10.2400
2025-06-15_05:41:10.895,1,1,1,1,2.2250,2.2250,2.2250,2.2250,2.2200,0.0000,2.2200,2.2200,-10.2400,-10.2400,-10.2400,-10.2400,-10.2400,-10.2400,-10.2400,-10.2400
2025-06-15_05:41:11.898,1,1,1,1,2.2250,2.2250,2.2250,2.2250,2.2200,0.0000,2.2200,2.2200,-10.2400,-10.2400,-10.2400,-10.2400,-10.2400,-10.2400,-10.2400,-10.2400
2025-06-15_05:41:12.903,1,1,1,1,2.2200,2.2250,2.2250,2.2250,2.2200,0.0000,2.2200,2.2200,-10.2400,-10.2400,-10.2400,-10.2400,-10.2400,-10.2400,-10.2400,-10.2400
2025-06-15_05:41:13.908,1,1,1,1,2.2250,2.2250,2.2250,2.2250,2.2200,0.0000,2.2200,2.2200,-10.2400,-10.2400,-10.2400,-10.2400,-10.2400,-10.2400,-10.2400,-10.2400
2025-06-15_05:41:14.913,1,1,1,1,2.2250,2.2250,2.2250,2.2250,2.2200,0.0000,2.2200,2.2200,-10.2400,-10.2400,-10.2400,-10.2400,-10.2400,-10.2400,-10.2400,-10.2400
2025-06-15_05:41:15.917,1,1,1,1,2.2250,2.2250,2.2250,2.2250,2.2200,0.0000,2.2200,2.2200,-10.2400,-10.2400,-10.2400,-10.2400,-10.2400,-10.2400,-10.2400,-10.2400
2025-06-15_05:41:16.921,1,1,1,1,2.2250,2.2250,2.2250,2.2250,2.2200,0.0000,2.2200,2.2200,-10.2400,-10.2400,-10.2400,-10.2400,-10.2400,-10.2400,-10.2400,-10.2400
2025-06-15_05:41:17.925,1,1,1,1,2.2250,2.2250,2.2250,2.2250,2.2200,0.0000,2.2200,2.2200,-10.2400,-10.2400,-10.2400,-10.2400,-10.2400,-10.2400,-10.2400,-10.2400
2025-06-15_05:41:18.928,1,1,1,1,2.2250,2.2250,2.2250,2.2250,2.2200,0.0000,2.2200,2.2200,-10.2400,-10.2400,-10.2400,-10.2400,-10.2400,-10.2400,-10.2400,-10.2400
2025-06-15_05:41:19.932,1,1,1,1,2.2250,2.2250,2.2250,2.2250,2.2200,0.0000,2.2200,2.2200,-10.2400,-10.2400,-10.2400,-10.2400,-10.2400,-10.2400,-10.2400,-10.2400
2025-06-15_05:41:20.936,1,1,1,1,2.2200,2.2250,2.2250,2.2250,2.2200,0.0000,2.2200,2.2200,-10.2400,-10.2400,-10.2400,-10.2400,-10.2400,-10.2400,-10.2400,-10.2400
2025-06-15_05:41:21.940,1,1,1,1,2.2250,2.2250,2.2250,2.2250,2.2200,0.0000,2.2200,2.2200,-10.2400,-10.2400,-10.2400,-10.2400,-10.2400,-10.2400,-10.2400,-10.2400
2025-06-15_05:41:22.944,1,1,1,1,2.2200,2.2250,2.2250,2.2250,2.2200,0.0000,2.2200,2.2200,-10.2400,-10.2400,-10.2400,-10.2400,-10.2400,-10.2400,-10.2400,-10.2400
2025-06-15_05:41:23.948,1,1,1,1,2.2250,2.2250,2.2250,2.2250,2.2200,0.0000,2.2200,2.2200,-10.2400,-10.2400,-10.2400,-10.2400,-10.2400,-10.2400,-10.2400,-10.2400
2025-06-15_05:41:24.953,1,1,1,1,2.2200,2.2250,2.2250,2.2250,2.2200,0.0000,2.2200,2.2200,-10.2400,-10.2400,-10.2400,-10.2400,-10.2400,-10.2400,-10.2400,-10.2400
2025-06-15_05:41:25.958,1,1,1,1,2.2250,2.2250,2.2250,2.2250,2.2200,0.0000,2.2200,2.2200,-10.2400,-10.2400,-10.2400,-10.2400,-10.2400,-10.2400,-10.2400,-10.2400
2025-06-15_05:41:26.963,1,1,1,1,2.2200,2.2250,2.2250,2.2250,2.2200,0.0000,2.2200,2.2200,-10.2400,-10.2400,-10.2400,-10.2400,-10.2400,-10.2400,-10.2400,-10.2400
2025-06-15_05:41:27.967,1,1,1,1,2.2250,2.2250,2.2250,2.2250,2.2200,0.0000,2.2200,2.2200,-10.2400,-10.2400,-10.2400,-10.2400,-10.2400,-10.2400,-10.2400,-10.2400
2025-06-15_05:41:28.970,1,1,1,1,2.2250,2.2250,2.2250,2.2250,2.2200,0.0000,2.2200,2.2200,-10.2400,-10.2400,-10.2400,-10.2400,-10.2400,-10.2400,-10.2400,-10.2400
2025-06-15_05:41:29.974,1,1,1,1,2.2250,2.2250,2.2250,2.2250,2.2200,0.0000,2.2200,2.2200,-10.2400,-10.2400,-10.2400,-10.2400,-10.2400,-10.2400,-10.2400,-10.2400
2025-06-15_05:41:30.979,1,1,1,1,2.2200,2.2250,2.2250,2.2250,2.2200,0.0000,2.2200,2.2200,-10.2400,-10.2400,-10.2400,-10.2400,-10.2400,-10.2400,-10.2400,-10.2400
2025-06-15_05:41:31.984,1,1,1,1,2.2200,2.2250,2.2250,2.2250,2.2200,0.0000,2.2200,2.2200,-10.2400,-10.2400,-10.2400,-10.2400,-10.2400,-10.2400,-10.2400,-10.2400
2025-06-15_05:41:32.988,1,1,1,1,2.2250,2.2250,2.2250,2.2250,2.2200,0.0000,2.2200,2.2200,-10.2400,-10.2400,-10.2400,-10.2400,-10.2400,-10.2400,-10.2400,-10.2400
2025-06-15_05:41:33.991,1,1,1,1,2.2250,2.2250,2.2250,2.2250,2.2200,0.0000,2.2200,2.2200,-10.2400,-10.2400,-10.2400,-10.2400,-10.2400,-10.2400,-10.2400,-10.2400
2025-06-15_05:41:34.994,1,1,1,1,2.2250,2.2250,2.2250,2.2250,2.2200,0.0000,2.2200,2.2200,-10.2400,-10.2400,-10.2400,-10.2400,-10.2400,-10.2400,-10.2400,-10.2400
2025-06-15_05:41:35.998,1,1,1,1,2.2250,2.2250,2.2250,2.2250,2.2200,0.0000,2.2200,2.2200,-10.2400,-10.2400,-10.2400,-10.2400,-10.2400,-10.2400,-10.2400,-10.2400
2025-06-15_05:41:37.002,1,1,1,1,2.2250,2.2250,2.2200,2.2250,2.2200,0.0000,2.2200,2.2200,-10.2400,-10.2400,-10.2400,-10.2400,-10.2400,-10.2400,-10.2400,-10.2400
2025-06-15_05:41:38.005,1,1,1,1,2.2250,2.2250,2.2250,2.2250,2.2200,0.0000,2.2200,2.2200,-10.2400,-10.2400,-10.2400,-10.2400,-10.2400,-10.2400,-10.2400,-10.2400
2025-06-15_05:41:39.010,1,1,1,1,2.2250,2.2250,2.2250,2.2250,2.2200,0.0000,2.2200,2.2200,-10.2400,-10.2400,-10.2400,-10.2400,-10.2400,-10.2400,-10.2400,-10.2400
2025-06-15_05:41:40.016,1,1,1,1,2.2200,2.2250,2.2250,2.2250,2.2200,0.0000,2.2200,2.2200,-10.2400,-10.2400,-10.2400,-10.2400,-10.2400,-10.2400,-10.2400,-10.2400
2025-06-15_05:41:41.019,1,1,1,1,2.2200,2.2250,2.2250,2.2250,2.2200,0.0000,2.2200,2.2200,-10.2400,-10.2400,-10.2400,-10.2400,-10.2400,-10.2400,-10.2400,-10.2400
2025-06-15_05:41:42.023,1,1,1,1,2.2250,2.2250,2.2250,2.2250,2.2200,0.0000,2.2200,2.2200,-10.2400,-10.2400,-10.2400,-10.2400,-10.2400,-10.2400,-10.2400,-10.2400
2025-06-15_05:41:43.028,1,1,1,1,2.2250,2.2250,2.2250,2.2250,2.2200,0.0000,2.2200,2.2200,-10.2400,-10.2400,-10.2400,-10.2400,-10.2400,-10.2400,-10.2400,-10.2400
2025-06-15_05:41:44.032,1,1,1,1,2.2200,2.2250,2.2250,2.2250,2.2200,0.0000,2.2200,2.2200,-10.2400,-10.2400,-10.2400,-10.2400,-10.2400,-10.2400,-10.2400,-10.2400
2025-06-15_05:41:45.037,1,1,1,1,2.2200,2.2250,2.2250,2.2250,2.2200,0.0000,2.2200,2.2200,-10.2400,-10.2400,-10.2400,-10.2400,-10.2400,-10.2400,-10.2400,-10.2400
2025-06-15_05:41:46.041,1,1,1,1,2.2250,2.2250,2.2250,2.2250,2.2200,0.0000,2.2200,2.2200,-10.2400,-10.2400,-10.2400,-10.2400,-10.2400,-10.2400,-10.2400,-10.2400
2025-06-15_05:41:47.045,1,1,1,1,2.2250,2.2250,2.2250,2.2250,2.2200,0.0000,2.2200,2.2200,-10.2400,-10.2400,-10.2400,-10.2400,-10.2400,-10.2400,-10.2400,-10.2400
2025-06-15_05:41:48.049,1,1,1,1,2.2250,2.2250,2.2250,2.2250,2.2200,0.0000,2.2200,2.2200,-10.2400,-10.2400,-10.2400,-10.2400,-10.2400,-10.2400,-10.2400,-10.2400
2025-06-15_05:41:49.056,1,1,1,1,2.2250,2.2250,2.2250,2.2250,2.2200,0.0000,2.2200,2.2200,-10.2400,-10.2400,-10.2400,-10.2400,-10.2400,-10.2400,-10.2400,-10.2400
2025-06-15_05:41:50.059,1,1,1,1,2.2250,2.2250,2.2250,2.2250,2.2200,0.0000,2.2200,2.2200,-10.2400,-10.2400,-10.2400,-10.2400,-10.2400,-10.2400,-10.2400,-10.2400
2025-06-15_05:41:51.063,1,1,1,1,2.2250,2.2250,2.2250,2.2250,2.2200,0.0000,2.2200,2.2200,-10.2400,-10.2400,-10.2400,-10.2400,-10.2400,-10.2400,-10.2400,-10.2400
2025-06-15_05:41:52.065,1,1,1,1,2.2250,2.2250,2.2250,2.2250,2.2200,0.0000,2.2200,2.2200,-10.2400,-10.2400,-10.2400,-10.2400,-10.2400,-10.2400,-10.2400,-10.2400
2025-06-15_05:41:53.069,1,1,1,1,2.2250,2.2250,2.2250,2.2250,2.2200,0.0000,2.2200,2.2200,-10.2400,-10.2400,-10.2400,-10.2400,-10.2400,-10.2400,-10.2400,-10.2400
2025-06-15_05:41:54.073,1,1,1,1,2.2250,2.2250,2.2250,2.2250,2.2200,0.0000,2.2200,2.2200,-10.2400,-10.2400,-10.2400,-10.2400,-10.2400,-10.2400,-10.2400,-10.2400
2025-06-15_05:41:55.077,1,1,1,1,2.2200,2.2250,2.2250,2.2250,2.2200,0.0000,2.2200,2.2200,-10.2400,-10.2400,-10.2400,-10.2400,-10.2400,-10.2400,-10.2400,-10.2400
2025-06-15_05:41:56.081,1,1,1,1,2.2200,2.2250,2.2250,2.2250,2.2200,0.0000,2.2200,2.2200,-10.2400,-10.2400,-10.2400,-10.2400,-10.2400,-10.2400,-10.2400,-10.2400
2025-06-15_05:41:57.085,1,1,1,1,2.2250,2.2250,2.2250,2.2250,2.2200,0.0000,2.2200,2.2200,-10.2400,-10.2400,-10.2400,-10.2400,-10.2400,-10.2400,-10.2400,-10.2400
2025-06-15_05:41:58.090,1,1,1,1,2.2200,2.2250,2.2250,2.2250,2.2200,0.0000,2.2200,2.2200,-10.2400,-10.2400,-10.2400,-10.2400,-10.2400,-10.2400,-10.2400,-10.2400
2025-06-15_05:41:59.094,1,1,1,1,2.2250,2.2250,2.2250,2.2250,2.2200,0.0000,2.2200,2.2200,-10.2400,-10.2400,-10.2400,-10.2400,-10.2400,-10.2400,-10.2400,-10.2400
2025-06-15_05:42:00.097,1,1,1,1,2.2250,2.2250,2.2250,2.2250,2.2200,0.0000,2.2200,2.2200,-10.2400,-10.2400,-10.2400,-10.2400,-10.2400,-10.2400,-10.2400,-10.2400
2025-06-15_05:42:01.101,1,1,1,1,2.2250,2.2250,2.2250,2.2250,2.2200,0.0000,2.2200,2.2200,-10.2400,-10.2400,-10.2400,-10.2400,-10.2400,-10.2400,-10.2400,-10.2400
2025-06-15_05:42:02.105,1,1,1,1,2.2250,2.2250,2.2250,2.2250,2.2200,0.0000,2.2200,2.2200,-10.2400,-10.2400,-10.2400,-10.2400,-10.2400,-10.2400,-10.2400,-10.2400
2025-06-15_05:42:03.108,1,1,1,1,2.2250,2.2250,2.2250,2.2250,2.2200,0.0000,2.2200,2.2200,-10.2400,-10.2400,-10.2400,-10.2400,-10.2400,-10.2400,-10.2400,-10.2400
2025-06-15_05:42:04.111,1,1,1,1,2.2250,2.2250,2.2250,2.2250,2.2200,0.0000,2.2200,2.2200,-10.2400,-10.2400,-10.2400,-10.2400,-10.2400,-10.2400,-10.2400,-10.2400
2025-06-15_05:42:05.115,1,1,1,1,2.2250,2.2250,2.2250,2.2250,2.2200,0.0000,2.2200,2.2200,-10.2400,-10.2400,-10.2400,-10.2400,-10.2400,-10.2400,-10.2400,-10.2400
2025-06-15_05:42:06.120,1,1,1,1,2.2250,2.2250,2.2250,2.2250,2.2200,0.0000,2.2200,2.2200,-10.2400,-10.2400,-10.2400,-10.2400,-10.2400,-10.2400,-10.2400,-10.2400
2025-06-15_05:42:07.124,1,1,1,1,2.2250,2.2250,2.2250,2.2250,2.2200,0.0000,2.2200,2.2200,-10.2400,-10.2400,-10.2400,-10.2400,-10.2400,-10.2400,-10.2400,-10.2400
2025-06-15_05:42:08.130,1,1,1,1,2.2250,2.2250,2.2250,2.2250,2.2200,0.0000,2.2200,2.2200,-10.2400,-10.2400,-10.2400,-10.2400,-10.2400,-10.2400,-10.2400,-10.2400
2025-06-15_05:42:09.134,1,1,1,1,2.2250,2.2250,2.2250,2.2250,2.2200,0.0000,2.2200,2.2200,-10.2400,-10.2400,-10.2400,-10.2400,-10.2400,-10.2400,-10.2400,-10.2400
2025-06-15_05:42:10.137,1,1,1,1,2.2200,2.2250,2.2250,2.2250,2.2200,0.0000,2.2200,2.2200,-10.2400,-10.2400,-10.2400,-10.2400,-10.2400,-10.2400,-10.2400,-10.2400
2025-06-15_05:42:11.142,1,1,1,1,2.2250,2.2250,2.2250,2.2250,2.2200,0.0000,2.2200,2.2200,-10.2400,-10.2400,-10.2400,-10.2400,-10.2400,-10.2400,-10.2400,-10.2400
2025-06-15_05:42:12.146,1,1,1,1,2.2250,2.2250,2.2250,2.2250,2.2200,0.0000,2.2200,2.2200,-10.2400,-10.2400,-10.2400,-10.2400,-10.2400,-10.2400,-10.2400,-10.2400
2025-06-15_05:42:13.149,1,1,1,1,2.2250,2.2250,2.2250,2.2250,2.2200,0.0000,2.2200,2.2200,-10.2400,-10.2400,-10.2400,-10.2400,-10.2400,-10.2400,-10.2400,-10.2400
2025-06-15_05:42:14.154,1,1,1,1,2.2250,2.2250,2.2250,2.2250,2.2200,0.0000,2.2200,2.2200,-10.2400,-10.2400,-10.2400,-10.2400,-10.2400,-10.2400,-10.2400,-10.2400
2025-06-15_05:42:15.158,1,1,1,1,2.2250,2.2250,2.2250,2.2250,2.2200,0.0000,2.2200,2.2200,-10.2400,-10.2400,-10.2400,-10.2400,-10.2400,-10.2400,-10.2400,-10.2400
2025-06-15_05:42:16.163,1,1,1,1,2.2250,2.2250,2.2250,2.2250,2.2200,0.0000,2.2200,2.2200,-10.2400,-10.2400,-10.2400,-10.2400,-10.2400,-10.2400,-10.2400,-10.2400
2025-06-15_05:42:17.167,1,1,1,1,2.2250,2.2250,2.2250,2.2250,2.2200,0.0000,2.2200,2.2200,-10.2400,-10.2400,-10.2400,-10.2400,-10.2400,-10.2400,-10.2400,-10.2400
2025-06-15_05:42:18.170,1,1,1,1,2.2250,2.2250,2.2250,2.2250,2.2200,0.0000,2.2200,2.2200,-10.2400,-10.2400,-10.2400,-10.2400,-10.2400,-10.2400,-10.2400,-10.2400
2025-06-15_05:42:19.173,1,1,1,1,2.2250,2.2250,2.2250,2.2250,2.2200,0.0000,2.2200,2.2200,-10.2400,-10.2400,-10.2400,-10.2400,-10.2400,-10.2400,-10.2400,-10.2400
2025-06-15_05:42:20.176,1,1,1,1,2.2250,2.2250,2.2250,2.2250,2.2200,0.0000,2.2200,2.2200,-10.2400,-10.2400,-10.2400,-10.2400,-10.2400,-10.2400,-10.2400,-10.2400
2025-06-15_05:42:21.180,1,1,1,1,2.2250,2.2250,2.2250,2.2250,2.2200,0.0000,2.2200,2.2200,-10.2400,-10.2400,-10.2400,-10.2400,-10.2400,-10.2400,-10.2400,-10.2400
2025-06-15_05:42:22.183,1,1,1,1,2.2250,2.2250,2.2250,2.2250,2.2200,0.0000,2.2200,2.2200,-10.2400,-10.2400,-10.2400,-10.2400,-10.2400,-10.2400,-10.2400,-10.2400
2025-06-15_05:42:23.187,1,1,1,1,2.2250,2.2250,2.2250,2.2250,2.2200,0.0000,2.2200,2.2200,-10.2400,-10.2400,-10.2400,-10.2400,-10.2400,-10.2400,-10.2400,-10.2400
2025-06-15_05:42:24.191,1,1,1,1,2.2200,2.2250,2.2250,2.2250,2.2200,0.0000,2.2200,2.2200,-10.2400,-10.2400,-10.2400,-10.2400,-10.2400,-10.2400,-10.2400,-10.2400
2025-06-15_05:42:25.196,1,1,1,1,2.2250,2.2250,2.2250,2.2250,2.2200,0.0000,2.2200,2.2200,-10.2400,-10.2400,-10.2400,-10.2400,-10.2400,-10.2400,-10.2400,-10.2400
2025-06-15_05:42:26.200,1,1,1,1,2.2250,2.2250,2.2250,2.2250,2.2200,0.0000,2.2200,2.2200,-10.2400,-10.2400,-10.2400,-10.2400,-10.2400,-10.2400,-10.2400,-10.2400
2025-06-15_05:42:27.204,1,1,1,1,2.2250,2.2250,2.2250,2.2250,2.2200,0.0000,2.2200,2.2200,-10.2400,-10.2400,-10.2400,-10.2400,-10.2400,-10.2400,-10.2400,-10.2400
2025-06-15_05:42:28.208,1,1,1,1,2.2200,2.2250,2.2250,2.2250,2.2200,0.0000,2.2200,2.2200,-10.2400,-10.2400,-10.2400,-10.2400,-10.2400,-10.2400,-10.2400,-10.2400
2025-06-15_05:42:29.212,1,1,1,1,2.2250,2.2250,2.2250,2.2250,2.2200,0.0000,2.2200,2.2200,-10.2400,-10.2400,-10.2400,-10.2400,-10.2400,-10.2400,-10.2400,-10.2400
2025-06-15_05:42:30.216,1,1,1,1,2.2250,2.2250,2.2250,2.2250,2.2200,0.0000,2.2200,2.2200,-10.2400,-10.2400,-10.2400,-10.2400,-10.2400,-10.2400,-10.2400,-10.2400
2025-06-15_05:42:31.219,1,1,1,1,2.2250,2.2250,2.2250,2.2250,2.2200,0.0000,2.2200,2.2200,-10.2400,-10.2400,-10.2400,-10.2400,-10.2400,-10.2400,-10.2400,-10.2400
2025-06-15_05:42:32.222,1,1,1,1,2.2250,2.2250,2.2250,2.2250,2.2200,0.0000,2.2200,2.2200,-10.2400,-10.2400,-10.2400,-10.2400,-10.2400,-10.2400,-10.2400,-10.2400
2025-06-15_05:42:33.226,1,1,1,1,2.2250,2.2250,2.2250,2.2250,2.2200,0.0000,2.2200,2.2200,-10.2400,-10.2400,-10.2400,-10.2400,-10.2400,-10.2400,-10.2400,-10.2400
2025-06-15_05:42:34.229,1,1,1,1,2.2250,2.2250,2.2250,2.2250,2.2200,0.0000,2.2200,2.2200,-10.2400,-10.2400,-10.2400,-10.2400,-10.2400,-10.2400,-10.2400,-10.2400
2025-06-15_05:42:35.234,1,1,1,1,2.2250,2.2250,2.2250,2.2250,2.2200,0.0000,2.2200,2.2200,-10.2400,-10.2400,-10.2400,-10.2400,-10.2400,-10.2400,-10.2400,-10.2400
2025-06-15_05:42:36.237,1,1,1,1,2.2250,2.2250,2.2250,2.2250,2.2200,0.0000,2.2200,2.2200,-10.2400,-10.2400,-10.2400,-10.2400,-10.2400,-10.2400,-10.2400,-10.2400
2025-06-15_05:42:37.242,1,1,1,1,2.2200,2.2250,2.2250,2.2250,2.2200,0.0000,2.2200,2.2200,-10.2400,-10.2400,-10.2400,-10.2400,-10.2400,-10.2400,-10.2400,-10.2400
2025-06-15_05:42:38.247,1,1,1,1,2.2250,2.2250,2.2250,2.2250,2.2200,0.0000,2.2200,2.2200,-10.2400,-10.2400,-10.2400,-10.2400,-10.2400,-10.2400,-10.2400,-10.2400
2025-06-15_05:42:39.250,1,1,1,1,2.2250,2.2250,2.2250,2.2250,2.2200,0.0000,2.2200,2.2200,-10.2400,-10.2400,-10.2400,-10.2400,-10.2400,-10.2400,-10.2400,-10.2400
2025-06-15_05:42:40.254,1,1,1,1,2.2200,2.2250,2.2250,2.2250,2.2200,0.0000,2.2200,2.2200,-10.2400,-10.2400,-10.2400,-10.2400,-10.2400,-10.2400,-10.2400,-10.2400
2025-06-15_05:42:41.259,1,1,1,1,2.2250,2.2250,2.2250,2.2250,2.2200,0.0000,2.2200,2.2200,-10.2400,-10.2400,-10.2400,-10.2400,-10.2400,-10.2400,-10.2400,-10.2400
2025-06-15_05:42:42.263,1,1,1,1,2.2250,2.2250,2.2250,2.2250,2.2200,0.0000,2.2200,2.2200,-10.2400,-10.2400,-10.2400,-10.2400,-10.2400,-10.2400,-10.2400,-10.2400
2025-06-15_05:42:43.268,1,1,1,1,2.2250,2.2250,2.2250,2.2250,2.2200,0.0000,2.2200,2.2200,-10.2400,-10.2400,-10.2400,-10.2400,-10.2400,-10.2400,-10.2400,-10.2400
2025-06-15_05:42:44.272,1,1,1,1,2.2200,2.2250,2.2250,2.2250,2.2200,0.0000,2.2200,2.2200,-10.2400,-10.2400,-10.2400,-10.2400,-10.2400,-10.2400,-10.2400,-10.2400
2025-06-15_05:42:45.276,1,1,1,1,2.2200,2.2250,2.2250,2.2250,2.2200,0.0000,2.2200,2.2200,-10.2400,-10.2400,-10.2400,-10.2400,-10.2400,-10.2400,-10.2400,-10.2400
2025-06-15_05:42:46.280,1,1,1,1,2.2250,2.2250,2.2250,2.2250,2.2200,0.0000,2.2200,2.2200,-10.2400,-10.2400,-10.2400,-10.2400,-10.2400,-10.2400,-10.2400,-10.2400
2025-06-15_05:42:47.284,1,1,1,1,2.2200,2.2250,2.2250,2.2250,2.2200,0.0000,2.2200,2.2200,-10.2400,-10.2400,-10.2400,-10.2400,-10.2400,-10.2400,-10.2400,-10.2400
2025-06-15_05:42:48.288,1,1,1,1,2.2200,2.2250,2.2250,2.2250,2.2200,0.0000,2.2200,2.2200,-10.2400,-10.2400,-10.2400,-10.2400,-10.2400,-10.2400,-10.2400,-10.2400
2025-06-15_05:42:49.292,1,1,1,1,2.2200,2.2250,2.2250,2.2250,2.2200,0.0000,2.2200,2.2200,-10.2400,-10.2400,-10.2400,-10.2400,-10.2400,-10.2400,-10.2400,-10.2400
2025-06-15_05:42:50.296,1,1,1,1,2.2200,2.2250,2.2250,2.2250,2.2200,0.0000,2.2200,2.2200,-10.2400,-10.2400,-10.2400,-10.2400,-10.2400,-10.2400,-10.2400,-10.2400
2025-06-15_05:42:51.300,1,1,1,1,2.2250,2.2250,2.2250,2.2250,2.2200,0.0000,2.2200,2.2200,-10.2400,-10.2400,-10.2400,-10.2400,-10.2400,-10.2400,-10.2400,-10.2400
2025-06-15_05:42:52.304,1,1,1,1,2.2200,2.2250,2.2250,2.2250,2.2200,0.0000,2.2200,2.2200,-10.2400,-10.2400,-10.2400,-10.2400,-10.2400,-10.2400,-10.2400,-10.2400
2025-06-15_05:42:53.309,1,1,1,1,2.2250,2.2250,2.2250,2.2250,2.2200,0.0000,2.2200,2.2200,-10.2400,-10.2400,-10.2400,-10.2400,-10.2400,-10.2400,-10.2400,-10.2400
2025-06-15_05:42:54.314,1,1,1,1,2.2250,2.2250,2.2250,2.2250,2.2200,0.0000,2.2200,2.2200,-10.2400,-10.2400,-10.2400,-10.2400,-10.2400,-10.2400,-10.2400,-10.2400
2025-06-15_05:42:55.319,1,1,1,1,2.2200,2.2250,2.2250,2.2250,2.2200,0.0000,2.2200,2.2200,-10.2400,-10.2400,-10.2400,-10.2400,-10.2400,-10.2400,-10.2400,-10.2400
2025-06-15_05:42:56.324,1,1,1,1,2.2200,2.2250,2.2250,2.2250,2.2200,0.0000,2.2200,2.2200,-10.2400,-10.2400,-10.2400,-10.2400,-10.2400,-10.2400,-10.2400,-10.2400
2025-06-15_05:42:57.328,1,1,1,1,2.2250,2.2250,2.2250,2.2250,2.2200,0.0000,2.2200,2.2200,-10.2400,-10.2400,-10.2400,-10.2400,-10.2400,-10.2400,-10.2400,-10.2400
2025-06-15_05:42:58.333,1,1,1,1,2.2200,2.2250,2.2250,2.2250,2.2200,0.0000,2.2200,2.2200,-10.2400,-10.2400,-10.2400,-10.2400,-10.2400,-10.2400,-10.2400,-10.2400
2025-06-15_05:42:59.338,1,1,1,1,2.2250,2.2250,2.2250,2.2250,2.2200,0.0000,2.2200,2.2200,-10.2400,-10.2400,-10.2400,-10.2400,-10.2400,-10.2400,-10.2400,-10.2400
2025-06-15_05:43:00.342,1,1,1,1,2.2250,2.2250,2.2250,2.2250,2.2200,0.0000,2.2200,2.2200,-10.2400,-10.2400,-10.2400,-10.2400,-10.2400,-10.2400,-10.2400,-10.2400
2025-06-15_05:43:01.346,1,1,1,1,2.2200,2.2250,2.2200,2.2250,2.2200,0.0000,2.2200,2.2200,-10.2400,-10.2400,-10.2400,-10.2400,-10.2400,-10.2400,-10.2400,-10.2400
2025-06-15_05:43:02.350,1,1,1,1,2.2250,2.2250,2.2250,2.2250,2.2200,0.0000,2.2200,2.2200,-10.2400,-10.2400,-10.2400,-10.2400,-10.2400,-10.2400,-10.2400,-10.2400
2025-06-15_05:43:03.354,1,1,1,1,2.2250,2.2250,2.2250,2.2250,2.2200,0.0000,2.2200,2.2200,-10.2400,-10.2400,-10.2400,-10.2400,-10.2400,-10.2400,-10.2400,-10.2400
2025-06-15_05:43:04.359,1,1,1,1,2.2200,2.2250,2.2250,2.2250,2.2200,0.0000,2.2200,2.2200,-10.2400,-10.2400,-10.2400,-10.2400,-10.2400,-10.2400,-10.2400,-10.2400
2025-06-15_05:43:05.363,1,1,1,1,2.2200,2.2250,2.2250,2.2250,2.2200,0.0000,2.2200,2.2200,-10.2400,-10.2400,-10.2400,-10.2400,-10.2400,-10.2400,-10.2400,-10.2400
2025-06-15_05:43:06.367,1,1,1,1,2.2200,2.2250,2.2250,2.2250,2.2200,0.0000,2.2200,2.2200,-10.2400,-10.2400,-10.2400,-10.2400,-10.2400,-10.2400,-10.2400,-10.2400
2025-06-15_05:43:07.370,1,1,1,1,2.2250,2.2250,2.2250,2.2250,2.2200,0.0000,2.2200,2.2200,-10.2400,-10.2400,-10.2400,-10.2400,-10.2400,-10.2400,-10.2400,-10.2400
2025-06-15_05:43:08.375,1,1,1,1,2.2200,2.2250,2.2250,2.2250,2.2200,0.0000,2.2200,2.2200,-10.2400,-10.2400,-10.2400,-10.2400,-10.2400,-10.2400,-10.2400,-10.2400
2025-06-15_05:43:09.380,1,1,1,1,2.2200,2.2250,2.2250,2.2250,2.2200,0.0000,2.2200,2.2200,-10.2400,-10.2400,-10.2400,-10.2400,-10.2400,-10.2400,-10.2400,-10.2400
2025-06-15_05:43:10.384,1,1,1,1,2.2200,2.2250,2.2250,2.2250,2.2200,0.0000,2.2200,2.2200,-10.2400,-10.2400,-10.2400,-10.2400,-10.2400,-10.2400,-10.2400,-10.2400
2025-06-15_05:43:11.388,1,1,1,1,2.2200,2.2250,2.2250,2.2250,2.2200,0.0000,2.2200,2.2200,-10.2400,-10.2400,-10.2400,-10.2400,-10.2400,-10.2400,-10.2400,-10.2400
2025-06-15_05:43:12.392,1,1,1,1,2.2200,2.2250,2.2250,2.2250,2.2200,0.0000,2.2200,2.2200,-10.2400,-10.2400,-10.2400,-10.2400,-10.2400,-10.2400,-10.2400,-10.2400
2025-06-15_05:43:13.396,1,1,1,1,2.2250,2.2250,2.2250,2.2250,2.2200,0.0000,2.2200,2.2200,-10.2400,-10.2400,-10.2400,-10.2400,-10.2400,-10.2400,-10.2400,-10.2400
2025-06-15_05:43:14.401,1,1,1,1,2.2200,2.2250,2.2250,2.2250,2.2200,0.0000,2.2200,2.2200,-10.2400,-10.2400,-10.2400,-10.2400,-10.2400,-10.2400,-10.2400,-10.2400
2025-06-15_05:43:15.406,1,1,1,1,2.2200,2.2250,2.2250,2.2250,2.2200,0.0000,2.2200,2.2200,-10.2400,-10.2400,-10.2400,-10.2400,-10.2400,-10.2400,-10.2400,-10.2400
2025-06-15_05:43:16.411,1,1,1,1,2.2250,2.2250,2.2250,2.2250,2.2200,0.0000,2.2200,2.2200,-10.2400,-10.2400,-10.2400,-10.2400,-10.2400,-10.2400,-10.2400,-10.2400
2025-06-15_05:43:17.415,1,1,1,1,2.2250,2.2250,2.2250,2.2250,2.2200,0.0000,2.2200,2.2200,-10.2400,-10.2400,-10.2400,-10.2400,-10.2400,-10.2400,-10.2400,-10.2400
2025-06-15_05:43:18.419,1,1,1,1,2.2250,2.2250,2.2250,2.2250,2.2200,0.0000,2.2200,2.2200,-10.2400,-10.2400,-10.2400,-10.2400,-10.2400,-10.2400,-10.2400,-10.2400
2025-06-15_05:43:19.423,1,1,1,1,2.2200,2.2250,2.2250,2.2250,2.2200,0.0000,2.2200,2.2200,-10.2400,-10.2400,-10.2400,-10.2400,-10.2400,-10.2400,-10.2400,-10.2400
2025-06-15_05:43:20.428,1,1,1,1,2.2200,2.2250,2.2250,2.2250,2.2200,0.0000,2.2200,2.2200,-10.2400,-10.2400,-10.2400,-10.2400,-10.2400,-10.2400,-10.2400,-10.2400
2025-06-15_05:43:21.432,1,1,1,1,2.2200,2.2250,2.2250,2.2250,2.2200,0.0000,2.2200,2.2200,-10.2400,-10.2400,-10.2400,-10.2400,-10.2400,-10.2400,-10.2400,-10.2400
2025-06-15_05:43:22.436,1,1,1,1,2.2250,2.2250,2.2250,2.2250,2.2200,0.0000,2.2200,2.2200,-10.2400,-10.2400,-10.2400,-10.2400,-10.2400,-10.2400,-10.2400,-10.2400
2025-06-15_05:43:23.441,1,1,1,1,2.2250,2.2250,2.2250,2.2250,2.2200,0.0000,2.2200,2.2200,-10.2400,-10.2400,-10.2400,-10.2400,-10.2400,-10.2400,-10.2400,-10.2400
2025-06-15_05:43:24.446,1,1,1,1,2.2250,2.2250,2.2250,2.2250,2.2200,0.0000,2.2200,2.2200,-10.2400,-10.2400,-10.2400,-10.2400,-10.2400,-10.2400,-10.2400,-10.2400
2025-06-15_05:43:25.450,1,1,1,1,2.2200,2.2250,2.2250,2.2250,2.2200,0.0000,2.2200,2.2200,-10.2400,-10.2400,-10.2400,-10.2400,-10.2400,-10.2400,-10.2400,-10.2400
2025-06-15_05:43:26.455,1,1,1,1,2.2250,2.2250,2.2250,2.2250,2.2200,0.0000,2.2200,2.2200,-10.2400,-10.2400,-10.2400,-10.2400,-10.2400,-10.2400,-10.2400,-10.2400
2025-06-15_05:43:27.459,1,1,1,1,2.2250,2.2250,2.2250,2.2250,2.2200,0.0000,2.2200,2.2200,-10.2400,-10.2400,-10.2400,-10.2400,-10.2400,-10.2400,-10.2400,-10.2400
2025-06-15_05:43:28.464,1,1,1,1,2.2200,2.2250,2.2250,2.2250,2.2200,0.0000,2.2200,2.2200,-10.2400,-10.2400,-10.2400,-10.2400,-10.2400,-10.2400,-10.2400,-10.2400
2025-06-15_05:43:29.467,1,1,1,1,2.2200,2.2250,2.2250,2.2250,2.2200,0.0000,2.2200,2.2200,-10.2400,-10.2400,-10.2400,-10.2400,-10.2400,-10.2400,-10.2400,-10.2400
2025-06-15_05:43:30.471,1,1,1,1,2.2200,2.2250,2.2250,2.2250,2.2200,0.0000,2.2200,2.2200,-10.2400,-10.2400,-10.2400,-10.2400,-10.2400,-10.2400,-10.2400,-10.2400
2025-06-15_05:43:31.475,1,1,1,1,2.2200,2.2250,2.2250,2.2250,2.2200,0.0000,2.2200,2.2200,-10.2400,-10.2400,-10.2400,-10.2400,-10.2400,-10.2400,-10.2400,-10.2400
2025-06-15_05:43:32.479,1,1,1,1,2.2200,2.2250,2.2250,2.2250,2.2200,0.0000,2.2200,2.2200,-10.2400,-10.2400,-10.2400,-10.2400,-10.2400,-10.2400,-10.2400,-10.2400
2025-06-15_05:43:33.483,1,1,1,1,2.2250,2.2250,2.2250,2.2250,2.2200,0.0000,2.2200,2.2200,-10.2400,-10.2400,-10.2400,-10.2400,-10.2400,-10.2400,-10.2400,-10.2400
2025-06-15_05:43:34.486,1,1,1,1,2.2250,2.2250,2.2250,2.2250,2.2200,0.0000,2.2200,2.2200,-10.2400,-10.2400,-10.2400,-10.2400,-10.2400,-10.2400,-10.2400,-10.2400
2025-06-15_05:43:35.489,1,1,1,1,2.2250,2.2250,2.2250,2.2250,2.2200,0.0000,2.2200,2.2200,-10.2400,-10.2400,-10.2400,-10.2400,-10.2400,-10.2400,-10.2400,-10.2400
2025-06-15_05:43:36.492,1,1,1,1,2.2250,2.2250,2.2250,2.2250,2.2200,0.0000,2.2200,2.2200,-10.2400,-10.2400,-10.2400,-10.2400,-10.2400,-10.2400,-10.2400,-10.2400
2025-06-15_05:43:37.496,1,1,1,1,2.2250,2.2250,2.2250,2.2250,2.2200,0.0000,2.2200,2.2200,-10.2400,-10.2400,-10.2400,-10.2400,-10.2400,-10.2400,-10.2400,-10.2400
2025-06-15_05:43:38.500,1,1,1,1,2.2250,2.2250,2.2250,2.2250,2.2200,0.0000,2.2200,2.2200,-10.2400,-10.2400,-10.2400,-10.2400,-10.2400,-10.2400,-10.2400,-10.2400
2025-06-15_05:43:39.505,1,1,1,1,2.2250,2.2250,2.2250,2.2250,2.2200,0.0000,2.2200,2.2200,-10.2400,-10.2400,-10.2400,-10.2400,-10.2400,-10.2400,-10.2400,-10.2400
2025-06-15_05:43:40.509,1,1,1,1,2.2250,2.2250,2.2250,2.2250,2.2200,0.0000,2.2200,2.2200,-10.2400,-10.2400,-10.2400,-10.2400,-10.2400,-10.2400,-10.2400,-10.2400
2025-06-15_05:43:41.513,1,1,1,1,2.2250,2.2250,2.2250,2.2250,2.2200,0.0000,2.2200,2.2200,-10.2400,-10.2400,-10.2400,-10.2400,-10.2400,-10.2400,-10.2400,-10.2400
2025-06-15_05:43:42.516,1,1,1,1,2.2250,2.2250,2.2200,2.2250,2.2200,0.0000,2.2200,2.2200,-10.2400,-10.2400,-10.2400,-10.2400,-10.2400,-10.2400,-10.2400,-10.2400
2025-06-15_05:43:43.520,1,1,1,1,2.2250,2.2250,2.2250,2.2250,2.2200,0.0000,2.2200,2.2200,-10.2400,-10.2400,-10.2400,-10.2400,-10.2400,-10.2400,-10.2400,-10.2400
2025-06-15_05:43:44.524,1,1,1,1,2.2250,2.2250,2.2250,2.2250,2.2200,0.0000,2.2200,2.2200,-10.2400,-10.2400,-10.2400,-10.2400,-10.2400,-10.2400,-10.2400,-10.2400
2025-06-15_05:43:45.529,1,1,1,1,2.2200,2.2250,2.2250,2.2250,2.2200,0.0000,2.2200,2.2200,-10.2400,-10.2400,-10.2400,-10.2400,-10.2400,-10.2400,-10.2400,-10.2400
2025-06-15_05:43:46.533,1,1,1,1,2.2250,2.2250,2.2250,2.2250,2.2200,0.0000,2.2200,2.2200,-10.2400,-10.2400,-10.2400,-10.2400,-10.2400,-10.2400,-10.2400,-10.2400
2025-06-15_05:43:47.537,1,1,1,1,2.2200,2.2250,2.2250,2.2250,2.2200,0.0000,2.2200,2.2200,-10.2400,-10.2400,-10.2400,-10.2400,-10.2400,-10.2400,-10.2400,-10.2400
2025-06-15_05:43:48.542,1,1,1,1,2.2250,2.2250,2.2250,2.2250,2.2200,0.0000,2.2200,2.2200,-10.2400,-10.2400,-10.2400,-10.2400,-10.2400,-10.2400,-10.2400,-10.2400
2025-06-15_05:43:49.546,1,1,1,1,2.2200,2.2250,2.2250,2.2250,2.2200,0.0000,2.2200,2.2200,-10.2400,-10.2400,-10.2400,-10.2400,-10.2400,-10.2400,-10.2400,-10.2400
2025-06-15_05:43:50.549,1,1,1,1,2.2250,2.2250,2.2250,2.2250,2.2200,0.0000,2.2200,2.2200,-10.2400,-10.2400,-10.2400,-10.2400,-10.2400,-10.2400,-10.2400,-10.2400
2025-06-15_05:43:51.553,1,1,1,1,2.2200,2.2250,2.2250,2.2250,2.2200,0.0000,2.2200,2.2200,-10.2400,-10.2400,-10.2400,-10.2400,-10.2400,-10.2400,-10.2400,-10.2400
2025-06-15_05:43:52.558,1,1,1,1,2.2200,2.2250,2.2250,2.2250,2.2200,0.0000,2.2200,2.2200,-10.2400,-10.2400,-10.2400,-10.2400,-10.2400,-10.2400,-10.2400,-10.2400
2025-06-15_05:43:53.562,1,1,1,1,2.2250,2.2250,2.2250,2.2250,2.2200,0.0000,2.2200,2.2200,-10.2400,-10.2400,-10.2400,-10.2400,-10.2400,-10.2400,-10.2400,-10.2400
2025-06-15_05:43:54.567,1,1,1,1,2.2250,2.2250,2.2250,2.2250,2.2200,0.0000,2.2200,2.2200,-10.2400,-10.2400,-10.2400,-10.2400,-10.2400,-10.2400,-10.2400,-10.2400
2025-06-15_05:43:55.571,1,1,1,1,2.2250,2.2250,2.2250,2.2250,2.2200,0.0000,2.2200,2.2200,-10.2400,-10.2400,-10.2400,-10.2400,-10.2400,-10.2400,-10.2400,-10.2400
2025-06-15_05:43:56.576,1,1,1,1,2.2250,2.2250,2.2250,2.2250,2.2200,0.0000,2.2200,2.2200,-10.2400,-10.2400,-10.2400,-10.2400,-10.2400,-10.2400,-10.2400,-10.2400
2025-06-15_05:43:57.579,1,1,1,1,2.2250,2.2250,2.2250,2.2250,2.2200,0.0000,2.2200,2.2200,-10.2400,-10.2400,-10.2400,-10.2400,-10.2400,-10.2400,-10.2400,-10.2400
2025-06-15_05:43:58.583,1,1,1,1,2.2250,2.2250,2.2250,2.2250,2.2200,0.0000,2.2200,2.2200,-10.2400,-10.2400,-10.2400,-10.2400,-10.2400,-10.2400,-10.2400,-10.2400
2025-06-15_05:43:59.586,1,1,1,1,2.2250,2.2250,2.2250,2.2250,2.2200,0.0000,2.2200,2.2200,-10.2400,-10.2400,-10.2400,-10.2400,-10.2400,-10.2400,-10.2400,-10.2400
2025-06-15_05:44:00.589,1,1,1,1,2.2250,2.2250,2.2250,2.2250,2.2200,0.0000,2.2200,2.2200,-10.2400,-10.2400,-10.2400,-10.2400,-10.2400,-10.2400,-10.2400,-10.2400
2025-06-15_05:44:01.593,1,1,1,1,2.2250,2.2250,2.2250,2.2250,2.2200,0.0000,2.2200,2.2200,-10.2400,-10.2400,-10.2400,-10.2400,-10.2400,-10.2400,-10.2400,-10.2400
2025-06-15_05:44:02.596,1,1,1,1,2.2250,2.2250,2.2200,2.2250,2.2200,0.0000,2.2200,2.2200,-10.2400,-10.2400,-10.2400,-10.2400,-10.2400,-10.2400,-10.2400,-10.2400
2025-06-15_05:44:03.600,1,1,1,1,2.2250,2.2250,2.2250,2.2250,2.2200,0.0000,2.2200,2.2200,-10.2400,-10.2400,-10.2400,-10.2400,-10.2400,-10.2400,-10.2400,-10.2400
2025-06-15_05:44:04.603,1,1,1,1,2.2250,2.2250,2.2250,2.2250,2.2200,0.0000,2.2200,2.2200,-10.2400,-10.2400,-10.2400,-10.2400,-10.2400,-10.2400,-10.2400,-10.2400
2025-06-15_05:44:05.606,1,1,1,1,2.2250,2.2250,2.2250,2.2250,2.2200,0.0000,2.2200,2.2200,-10.2400,-10.2400,-10.2400,-10.2400,-10.2400,-10.2400,-10.2400,-10.2400
2025-06-15_05:44:06.609,1,1,1,1,2.2250,2.2250,2.2250,2.2250,2.2200,0.0000,2.2200,2.2200,-10.2400,-10.2400,-10.2400,-10.2400,-10.2400,-10.2400,-10.2400,-10.2400
2025-06-15_05:44:07.613,1,1,1,1,2.2200,2.2250,2.2250,2.2250,2.2200,0.0000,2.2200,2.2200,-10.2400,-10.2400,-10.2400,-10.2400,-10.2400,-10.2400,-10.2400,-10.2400
2025-06-15_05:44:08.618,1,1,1,1,2.2200,2.2250,2.2250,2.2250,2.2200,0.0000,2.2200,2.2200,-10.2400,-10.2400,-10.2400,-10.2400,-10.2400,-10.2400,-10.2400,-10.2400
2025-06-15_05:44:09.621,1,1,1,1,2.2200,2.2250,2.2250,2.2250,2.2200,0.0000,2.2200,2.2200,-10.2400,-10.2400,-10.2400,-10.2400,-10.2400,-10.2400,-10.2400,-10.2400
2025-06-15_05:44:10.625,1,1,1,1,2.2250,2.2250,2.2250,2.2250,2.2200,0.0000,2.2200,2.2200,-10.2400,-10.2400,-10.2400,-10.2400,-10.2400,-10.2400,-10.2400,-10.2400
2025-06-15_05:44:11.630,1,1,1,1,2.2200,2.2250,2.2250,2.2250,2.2200,0.0000,2.2200,2.2200,-10.2400,-10.2400,-10.2400,-10.2400,-10.2400,-10.2400,-10.2400,-10.2400
2025-06-15_05:44:12.634,1,1,1,1,2.2200,2.2250,2.2250,2.2250,2.2200,0.0000,2.2200,2.2200,-10.2400,-10.2400,-10.2400,-10.2400,-10.2400,-10.2400,-10.2400,-10.2400
2025-06-15_05:44:13.639,1,1,1,1,2.2200,2.2250,2.2250,2.2250,2.2200,0.0000,2.2200,2.2200,-10.2400,-10.2400,-10.2400,-10.2400,-10.2400,-10.2400,-10.2400,-10.2400
2025-06-15_05:44:14.643,1,1,1,1,2.2200,2.2250,2.2250,2.2250,2.2200,0.0000,2.2200,2.2200,-10.2400,-10.2400,-10.2400,-10.2400,-10.2400,-10.2400,-10.2400,-10.2400
2025-06-15_05:44:15.648,1,1,1,1,2.2200,2.2250,2.2250,2.2250,2.2200,0.0000,2.2200,2.2200,-10.2400,-10.2400,-10.2400,-10.2400,-10.2400,-10.2400,-10.2400,-10.2400
2025-06-15_05:44:16.652,1,1,1,1,2.2200,2.2250,2.2250,2.2250,2.2200,0.0000,2.2200,2.2200,-10.2400,-10.2400,-10.2400,-10.2400,-10.2400,-10.2400,-10.2400,-10.2400
2025-06-15_05:44:17.656,1,1,1,1,2.2250,2.2250,2.2250,2.2250,2.2200,0.0000,2.2200,2.2200,-10.2400,-10.2400,-10.2400,-10.2400,-10.2400,-10.2400,-10.2400,-10.2400
2025-06-15_05:44:18.663,1,1,1,1,2.2200,2.2250,2.2250,2.2250,2.2200,0.0000,2.2200,2.2200,-10.2400,-10.2400,-10.2400,-10.2400,-10.2400,-10.2400,-10.2400,-10.2400
2025-06-15_05:44:19.666,1,1,1,1,2.2200,2.2250,2.2250,2.2250,2.2200,0.0000,2.2200,2.2200,-10.2400,-10.2400,-10.2400,-10.2400,-10.2400,-10.2400,-10.2400,-10.2400
2025-06-15_05:44:20.671,1,1,1,1,2.2200,2.2250,2.2250,2.2250,2.2200,0.0000,2.2200,2.2200,-10.2400,-10.2400,-10.2400,-10.2400,-10.2400,-10.2400,-10.2400,-10.2400
2025-06-15_05:44:21.674,1,1,1,1,2.2250,2.2250,2.2250,2.2250,2.2200,0.0000,2.2200,2.2200,-10.2400,-10.2400,-10.2400,-10.2400,-10.2400,-10.2400,-10.2400,-10.2400
2025-06-15_05:44:22.678,1,1,1,1,2.2200,2.2250,2.2250,2.2250,2.2200,0.0000,2.2200,2.2200,-10.2400,-10.2400,-10.2400,-10.2400,-10.2400,-10.2400,-10.2400,-10.2400
2025-06-15_05:44:23.683,1,1,1,1,2.2250,2.2250,2.2250,2.2250,2.2200,0.0000,2.2200,2.2200,-10.2400,-10.2400,-10.2400,-10.2400,-10.2400,-10.2400,-10.2400,-10.2400
2025-06-15_05:44:24.688,1,1,1,1,2.2250,2.2250,2.2250,2.2250,2.2200,0.0000,2.2200,2.2200,-10.2400,-10.2400,-10.2400,-10.2400,-10.2400,-10.2400,-10.2400,-10.2400
2025-06-15_05:44:25.692,1,1,1,1,2.2250,2.2250,2.2250,2.2250,2.2200,0.0000,2.2200,2.2200,-10.2400,-10.2400,-10.2400,-10.2400,-10.2400,-10.2400,-10.2400,-10.2400
2025-06-15_05:44:26.696,1,1,1,1,2.2250,2.2250,2.2250,2.2250,2.2200,0.0000,2.2200,2.2200,-10.2400,-10.2400,-10.2400,-10.2400,-10.2400,-10.2400,-10.2400,-10.2400
2025-06-15_05:44:27.701,1,1,1,1,2.2250,2.2250,2.2250,2.2250,2.2200,0.0000,2.2200,2.2200,-10.2400,-10.2400,-10.2400,-10.2400,-10.2400,-10.2400,-10.2400,-10.2400
2025-06-15_05:44:28.704,1,1,1,1,2.2200,2.2250,2.2250,2.2250,2.2200,0.0000,2.2200,2.2200,-10.2400,-10.2400,-10.2400,-10.2400,-10.2400,-10.2400,-10.2400,-10.2400
2025-06-15_05:44:29.709,1,1,1,1,2.2200,2.2250,2.2250,2.2250,2.2200,0.0000,2.2200,2.2200,-10.2400,-10.2400,-10.2400,-10.2400,-10.2400,-10.2400,-10.2400,-10.2400
2025-06-15_05:44:30.712,1,1,1,1,2.2250,2.2250,2.2250,2.2250,2.2200,0.0000,2.2200,2.2200,-10.2400,-10.2400,-10.2400,-10.2400,-10.2400,-10.2400,-10.2400,-10.2400
2025-06-15_05:44:31.716,1,1,1,1,2.2250,2.2250,2.2250,2.2250,2.2200,0.0000,2.2200,2.2200,-10.2400,-10.2400,-10.2400,-10.2400,-10.2400,-10.2400,-10.2400,-10.2400
2025-06-15_05:44:32.721,1,1,1,1,2.2200,2.2250,2.2250,2.2250,2.2200,0.0000,2.2200,2.2200,-10.2400,-10.2400,-10.2400,-10.2400,-10.2400,-10.2400,-10.2400,-10.2400
2025-06-15_05:44:33.725,1,1,1,1,2.2250,2.2250,2.2250,2.2250,2.2200,0.0000,2.2200,2.2200,-10.2400,-10.2400,-10.2400,-10.2400,-10.2400,-10.2400,-10.2400,-10.2400
2025-06-15_05:44:34.729,1,1,1,1,2.2250,2.2250,2.2250,2.2250,2.2200,0.0000,2.2200,2.2200,-10.2400,-10.2400,-10.2400,-10.2400,-10.2400,-10.2400,-10.2400,-10.2400
2025-06-15_05:44:35.733,1,1,1,1,2.2250,2.2250,2.2250,2.2250,2.2200,0.0000,2.2200,2.2200,-10.2400,-10.2400,-10.2400,-10.2400,-10.2400,-10.2400,-10.2400,-10.2400
2025-06-15_05:44:36.738,1,1,1,1,2.2250,2.2250,2.2250,2.2250,2.2200,0.0000,2.2200,2.2200,-10.2400,-10.2400,-10.2400,-10.2400,-10.2400,-10.2400,-10.2400,-10.2400
2025-06-15_05:44:37.742,1,1,1,1,2.2200,2.2250,2.2250,2.2250,2.2200,0.0000,2.2200,2.2200,-10.2400,-10.2400,-10.2400,-10.2400,-10.2400,-10.2400,-10.2400,-10.2400
2025-06-15_05:44:38.746,1,1,1,1,2.2200,2.2250,2.2250,2.2250,2.2200,0.0000,2.2200,2.2200,-10.2400,-10.2400,-10.2400,-10.2400,-10.2400,-10.2400,-10.2400,-10.2400
2025-06-15_05:44:39.751,1,1,1,1,2.2200,2.2250,2.2250,2.2250,2.2200,0.0000,2.2200,2.2200,-10.2400,-10.2400,-10.2400,-10.2400,-10.2400,-10.2400,-10.2400,-10.2400
2025-06-15_05:44:40.756,1,1,1,1,2.2250,2.2250,2.2250,2.2250,2.2200,0.0000,2.2200,2.2200,-10.2400,-10.2400,-10.2400,-10.2400,-10.2400,-10.2400,-10.2400,-10.2400
2025-06-15_05:44:41.761,1,1,1,1,2.2200,2.2250,2.2250,2.2250,2.2200,0.0000,2.2200,2.2200,-10.2400,-10.2400,-10.2400,-10.2400,-10.2400,-10.2400,-10.2400,-10.2400
2025-06-15_05:44:42.764,1,1,1,1,2.2250,2.2250,2.2250,2.2250,2.2200,0.0000,2.2200,2.2200,-10.2400,-10.2400,-10.2400,-10.2400,-10.2400,-10.2400,-10.2400,-10.2400
2025-06-15_05:44:43.769,1,1,1,1,2.2250,2.2250,2.2250,2.2250,2.2200,0.0000,2.2200,2.2200,-10.2400,-10.2400,-10.2400,-10.2400,-10.2400,-10.2400,-10.2400,-10.2400
2025-06-15_05:44:44.773,1,1,1,1,2.2250,2.2250,2.2250,2.2250,2.2200,0.0000,2.2200,2.2200,-10.2400,-10.2400,-10.2400,-10.2400,-10.2400,-10.2400,-10.2400,-10.2400
2025-06-15_05:44:45.779,1,1,1,1,2.2200,2.2250,2.2250,2.2250,2.2200,0.0000,2.2200,2.2200,-10.2400,-10.2400,-10.2400,-10.2400,-10.2400,-10.2400,-10.2400,-10.2400
2025-06-15_05:44:46.784,1,1,1,1,2.2250,2.2250,2.2250,2.2250,2.2200,0.0000,2.2200,2.2200,-10.2400,-10.2400,-10.2400,-10.2400,-10.2400,-10.2400,-10.2400,-10.2400
2025-06-15_05:44:47.788,1,1,1,1,2.2250,2.2250,2.2250,2.2250,2.2200,0.0000,2.2200,2.2200,-10.2400,-10.2400,-10.2400,-10.2400,-10.2400,-10.2400,-10.2400,-10.2400
2025-06-15_05:44:48.795,1,1,1,1,2.2200,2.2250,2.2250,2.2250,2.2200,0.0000,2.2200,2.2200,-10.2400,-10.2400,-10.2400,-10.2400,-10.2400,-10.2400,-10.2400,-10.2400
2025-06-15_05:44:49.800,1,1,1,1,2.2200,2.2250,2.2250,2.2250,2.2200,0.0000,2.2200,2.2200,-10.2400,-10.2400,-10.2400,-10.2400,-10.2400,-10.2400,-10.2400,-10.2400
2025-06-15_05:44:50.804,1,1,1,1,2.2250,2.2250,2.2250,2.2250,2.2200,0.0000,2.2200,2.2200,-10.2400,-10.2400,-10.2400,-10.2400,-10.2400,-10.2400,-10.2400,-10.2400
2025-06-15_05:44:51.809,1,1,1,1,2.2200,2.2250,2.2250,2.2250,2.2200,0.0000,2.2200,2.2200,-10.2400,-10.2400,-10.2400,-10.2400,-10.2400,-10.2400,-10.2400,-10.2400
2025-06-15_05:44:52.812,1,1,1,1,2.2200,2.2250,2.2250,2.2250,2.2200,0.0000,2.2200,2.2200,-10.2400,-10.2400,-10.2400,-10.2400,-10.2400,-10.2400,-10.2400,-10.2400
2025-06-15_05:44:53.817,1,1,1,1,2.2200,2.2250,2.2250,2.2250,2.2200,0.0000,2.2200,2.2200,-10.2400,-10.2400,-10.2400,-10.2400,-10.2400,-10.2400,-10.2400,-10.2400
2025-06-15_05:44:54.821,1,1,1,1,2.2250,2.2250,2.2250,2.2250,2.2200,0.0000,2.2200,2.2200,-10.2400,-10.2400,-10.2400,-10.2400,-10.2400,-10.2400,-10.2400,-10.2400
2025-06-15_05:44:55.824,1,1,1,1,2.2200,2.2250,2.2250,2.2250,2.2200,0.0000,2.2200,2.2200,-10.2400,-10.2400,-10.2400,-10.2400,-10.2400,-10.2400,-10.2400,-10.2400
2025-06-15_05:44:56.829,1,1,1,1,2.2250,2.2250,2.2250,2.2250,2.2200,0.0000,2.2200,2.2200,-10.2400,-10.2400,-10.2400,-10.2400,-10.2400,-10.2400,-10.2400,-10.2400
2025-06-15_05:44:57.832,1,1,1,1,2.2250,2.2250,2.2250,2.2250,2.2200,0.0000,2.2200,2.2200,-10.2400,-10.2400,-10.2400,-10.2400,-10.2400,-10.2400,-10.2400,-10.2400
2025-06-15_05:44:58.837,1,1,1,1,2.2250,2.2250,2.2250,2.2250,2.2200,0.0000,2.2200,2.2200,-10.2400,-10.2400,-10.2400,-10.2400,-10.2400,-10.2400,-10.2400,-10.2400
2025-06-15_05:44:59.842,1,1,1,1,2.2250,2.2250,2.2250,2.2250,2.2200,0.0000,2.2200,2.2200,-10.2400,-10.2400,-10.2400,-10.2400,-10.2400,-10.2400,-10.2400,-10.2400
2025-06-15_05:45:00.847,1,1,1,1,2.2250,2.2250,2.2250,2.2250,2.2200,0.0000,2.2200,2.2200,-10.2400,-10.2400,-10.2400,-10.2400,-10.2400,-10.2400,-10.2400,-10.2400
2025-06-15_05:45:01.850,1,1,1,1,2.2250,2.2250,2.2250,2.2250,2.2200,0.0000,2.2200,2.2200,-10.2400,-10.2400,-10.2400,-10.2400,-10.2400,-10.2400,-10.2400,-10.2400
2025-06-15_05:45:02.855,1,1,1,1,2.2200,2.2250,2.2250,2.2250,2.2200,0.0000,2.2200,2.2200,-10.2400,-10.2400,-10.2400,-10.2400,-10.2400,-10.2400,-10.2400,-10.2400
2025-06-15_05:45:03.860,1,1,1,1,2.2250,2.2250,2.2250,2.2250,2.2200,0.0000,2.2200,2.2200,-10.2400,-10.2400,-10.2400,-10.2400,-10.2400,-10.2400,-10.2400,-10.2400
2025-06-15_05:45:04.864,1,1,1,1,2.2250,2.2250,2.2200,2.2250,2.2200,0.0000,2.2200,2.2200,-10.2400,-10.2400,-10.2400,-10.2400,-10.2400,-10.2400,-10.2400,-10.2400
2025-06-15_05:45:05.867,1,1,1,1,2.2250,2.2250,2.2250,2.2250,2.2200,0.0000,2.2200,2.2200,-10.2400,-10.2400,-10.2400,-10.2400,-10.2400,-10.2400,-10.2400,-10.2400
2025-06-15_05:45:06.870,1,1,1,1,2.2250,2.2250,2.2250,2.2250,2.2200,0.0000,2.2200,2.2200,-10.2400,-10.2400,-10.2400,-10.2400,-10.2400,-10.2400,-10.2400,-10.2400
2025-06-15_05:45:07.874,1,1,1,1,2.2250,2.2250,2.2250,2.2250,2.2200,0.0000,2.2200,2.2200,-10.2400,-10.2400,-10.2400,-10.2400,-10.2400,-10.2400,-10.2400,-10.2400
2025-06-15_05:45:08.878,1,1,1,1,2.2250,2.2250,2.2250,2.2250,2.2200,0.0000,2.2200,2.2200,-10.2400,-10.2400,-10.2400,-10.2400,-10.2400,-10.2400,-10.2400,-10.2400
2025-06-15_05:45:09.881,1,1,1,1,2.2250,2.2250,2.2250,2.2250,2.2200,0.0000,2.2200,2.2200,-10.2400,-10.2400,-10.2400,-10.2400,-10.2400,-10.2400,-10.2400,-10.2400
2025-06-15_05:45:10.885,1,1,1,1,2.2250,2.2250,2.2250,2.2250,2.2200,0.0000,2.2200,2.2200,-10.2400,-10.2400,-10.2400,-10.2400,-10.2400,-10.2400,-10.2400,-10.2400
2025-06-15_05:45:11.889,1,1,1,1,2.2250,2.2250,2.2250,2.2250,2.2200,0.0000,2.2200,2.2200,-10.2400,-10.2400,-10.2400,-10.2400,-10.2400,-10.2400,-10.2400,-10.2400
2025-06-15_05:45:12.893,1,1,1,1,2.2250,2.2250,2.2250,2.2250,2.2200,0.0000,2.2200,2.2200,-10.2400,-10.2400,-10.2400,-10.2400,-10.2400,-10.2400,-10.2400,-10.2400
2025-06-15_05:45:13.896,1,1,1,1,2.2250,2.2250,2.2250,2.2250,2.2200,0.0000,2.2200,2.2200,-10.2400,-10.2400,-10.2400,-10.2400,-10.2400,-10.2400,-10.2400,-10.2400
2025-06-15_05:45:14.901,1,1,1,1,2.2250,2.2250,2.2250,2.2250,2.2200,0.0000,2.2200,2.2200,-10.2400,-10.2400,-10.2400,-10.2400,-10.2400,-10.2400,-10.2400,-10.2400
2025-06-15_05:45:15.906,1,1,1,1,2.2250,2.2250,2.2250,2.2250,2.2200,0.0000,2.2200,2.2200,-10.2400,-10.2400,-10.2400,-10.2400,-10.2400,-10.2400,-10.2400,-10.2400
2025-06-15_05:45:16.910,1,1,1,1,2.2250,2.2250,2.2250,2.2250,2.2200,0.0000,2.2200,2.2200,-10.2400,-10.2400,-10.2400,-10.2400,-10.2400,-10.2400,-10.2400,-10.2400
2025-06-15_05:45:17.913,1,1,1,1,2.2250,2.2250,2.2250,2.2250,2.2200,0.0000,2.2200,2.2200,-10.2400,-10.2400,-10.2400,-10.2400,-10.2400,-10.2400,-10.2400,-10.2400
2025-06-15_05:45:18.917,1,1,1,1,2.2250,2.2250,2.2250,2.2250,2.2200,0.0000,2.2200,2.2200,-10.2400,-10.2400,-10.2400,-10.2400,-10.2400,-10.2400,-10.2400,-10.2400
2025-06-15_05:45:19.920,1,1,1,1,2.2250,2.2250,2.2250,2.2250,2.2200,0.0000,2.2200,2.2200,-10.2400,-10.2400,-10.2400,-10.2400,-10.2400,-10.2400,-10.2400,-10.2400
2025-06-15_05:45:20.928,1,1,1,1,2.2250,2.2250,2.2250,2.2250,2.2200,0.0000,2.2200,2.2200,-10.2400,-10.2400,-10.2400,-10.2400,-10.2400,-10.2400,-10.2400,-10.2400
2025-06-15_05:45:21.932,1,1,1,1,2.2250,2.2250,2.2250,2.2250,2.2200,0.0000,2.2200,2.2200,-10.2400,-10.2400,-10.2400,-10.2400,-10.2400,-10.2400,-10.2400,-10.2400
2025-06-15_05:45:22.937,1,1,1,1,2.2250,2.2250,2.2250,2.2250,2.2200,0.0000,2.2200,2.2200,-10.2400,-10.2400,-10.2400,-10.2400,-10.2400,-10.2400,-10.2400,-10.2400
2025-06-15_05:45:23.941,1,1,1,1,2.2250,2.2250,2.2250,2.2250,2.2200,0.0000,2.2200,2.2200,-10.2400,-10.2400,-10.2400,-10.2400,-10.2400,-10.2400,-10.2400,-10.2400
2025-06-15_05:45:24.945,1,1,1,1,2.2250,2.2250,2.2250,2.2250,2.2200,0.0000,2.2200,2.2200,-10.2400,-10.2400,-10.2400,-10.2400,-10.2400,-10.2400,-10.2400,-10.2400
2025-06-15_05:45:25.949,1,1,1,1,2.2250,2.2250,2.2250,2.2250,2.2200,0.0000,2.2200,2.2200,-10.2400,-10.2400,-10.2400,-10.2400,-10.2400,-10.2400,-10.2400,-10.2400
2025-06-15_05:45:26.953,1,1,1,1,2.2200,2.2250,2.2250,2.2250,2.2200,0.0000,2.2200,2.2200,-10.2400,-10.2400,-10.2400,-10.2400,-10.2400,-10.2400,-10.2400,-10.2400
2025-06-15_05:45:27.956,1,1,1,1,2.2250,2.2250,2.2250,2.2250,2.2200,0.0000,2.2200,2.2200,-10.2400,-10.2400,-10.2400,-10.2400,-10.2400,-10.2400,-10.2400,-10.2400
2025-06-15_05:45:28.962,1,1,1,1,2.2250,2.2250,2.2250,2.2250,2.2200,0.0000,2.2200,2.2200,-10.2400,-10.2400,-10.2400,-10.2400,-10.2400,-10.2400,-10.2400,-10.2400
2025-06-15_05:45:29.966,1,1,1,1,2.2250,2.2250,2.2250,2.2250,2.2200,0.0000,2.2200,2.2200,-10.2400,-10.2400,-10.2400,-10.2400,-10.2400,-10.2400,-10.2400,-10.2400
2025-06-15_05:45:30.971,1,1,1,1,2.2250,2.2250,2.2250,2.2250,2.2200,0.0000,2.2200,2.2200,-10.2400,-10.2400,-10.2400,-10.2400,-10.2400,-10.2400,-10.2400,-10.2400
2025-06-15_05:45:31.975,1,1,1,1,2.2250,2.2250,2.2250,2.2250,2.2200,0.0000,2.2200,2.2200,-10.2400,-10.2400,-10.2400,-10.2400,-10.2400,-10.2400,-10.2400,-10.2400
2025-06-15_05:45:32.978,1,1,1,1,2.2250,2.2250,2.2250,2.2250,2.2200,0.0000,2.2200,2.2200,-10.2400,-10.2400,-10.2400,-10.2400,-10.2400,-10.2400,-10.2400,-10.2400
2025-06-15_05:45:33.981,1,1,1,1,2.2250,2.2250,2.2250,2.2250,2.2200,0.0000,2.2200,2.2200,-10.2400,-10.2400,-10.2400,-10.2400,-10.2400,-10.2400,-10.2400,-10.2400
2025-06-15_05:45:34.985,1,1,1,1,2.2250,2.2250,2.2250,2.2250,2.2200,0.0000,2.2200,2.2200,-10.2400,-10.2400,-10.2400,-10.2400,-10.2400,-10.2400,-10.2400,-10.2400
2025-06-15_05:45:35.988,1,1,1,1,2.2250,2.2250,2.2250,2.2250,2.2200,0.0000,2.2200,2.2200,-10.2400,-10.2400,-10.2400,-10.2400,-10.2400,-10.2400,-10.2400,-10.2400
2025-06-15_05:45:36.991,1,1,1,1,2.2250,2.2250,2.2250,2.2250,2.2200,0.0000,2.2200,2.2200,-10.2400,-10.2400,-10.2400,-10.2400,-10.2400,-10.2400,-10.2400,-10.2400
2025-06-15_05:45:37.995,1,1,1,1,2.2200,2.2250,2.2250,2.2250,2.2200,0.0000,2.2200,2.2200,-10.2400,-10.2400,-10.2400,-10.2400,-10.2400,-10.2400,-10.2400,-10.2400
2025-06-15_05:45:38.999,1,1,1,1,2.2250,2.2250,2.2250,2.2250,2.2200,0.0000,2.2200,2.2200,-10.2400,-10.2400,-10.2400,-10.2400,-10.2400,-10.2400,-10.2400,-10.2400
2025-06-15_05:45:40.004,1,1,1,1,2.2200,2.2250,2.2250,2.2250,2.2200,0.0000,2.2200,2.2200,-10.2400,-10.2400,-10.2400,-10.2400,-10.2400,-10.2400,-10.2400,-10.2400
2025-06-15_05:45:41.009,1,1,1,1,2.2250,2.2250,2.2250,2.2250,2.2200,0.0000,2.2200,2.2200,-10.2400,-10.2400,-10.2400,-10.2400,-10.2400,-10.2400,-10.2400,-10.2400
2025-06-15_05:45:42.013,1,1,1,1,2.2250,2.2250,2.2250,2.2250,2.2200,0.0000,2.2200,2.2200,-10.2400,-10.2400,-10.2400,-10.2400,-10.2400,-10.2400,-10.2400,-10.2400
2025-06-15_05:45:43.017,1,1,1,1,2.2250,2.2250,2.2250,2.2250,2.2200,0.0000,2.2200,2.2200,-10.2400,-10.2400,-10.2400,-10.2400,-10.2400,-10.2400,-10.2400,-10.2400
2025-06-15_05:45:44.022,1,1,1,1,2.2250,2.2250,2.2250,2.2250,2.2200,0.0000,2.2200,2.2200,-10.2400,-10.2400,-10.2400,-10.2400,-10.2400,-10.2400,-10.2400,-10.2400
2025-06-15_05:45:45.027,1,1,1,1,2.2200,2.2250,2.2250,2.2250,2.2200,0.0000,2.2200,2.2200,-10.2400,-10.2400,-10.2400,-10.2400,-10.2400,-10.2400,-10.2400,-10.2400
2025-06-15_05:45:46.031,1,1,1,1,2.2250,2.2250,2.2250,2.2250,2.2200,0.0000,2.2200,2.2200,-10.2400,-10.2400,-10.2400,-10.2400,-10.2400,-10.2400,-10.2400,-10.2400
2025-06-15_05:45:47.036,1,1,1,1,2.2250,2.2250,2.2250,2.2250,2.2200,0.0000,2.2200,2.2200,-10.2400,-10.2400,-10.2400,-10.2400,-10.2400,-10.2400,-10.2400,-10.2400
2025-06-15_05:45:48.039,1,1,1,1,2.2250,2.2250,2.2250,2.2250,2.2200,0.0000,2.2200,2.2200,-10.2400,-10.2400,-10.2400,-10.2400,-10.2400,-10.2400,-10.2400,-10.2400
2025-06-15_05:45:49.043,1,1,1,1,2.2250,2.2250,2.2250,2.2250,2.2200,0.0000,2.2200,2.2200,-10.2400,-10.2400,-10.2400,-10.2400,-10.2400,-10.2400,-10.2400,-10.2400
2025-06-15_05:45:50.046,1,1,1,1,2.2250,2.2250,2.2250,2.2250,2.2200,0.0000,2.2200,2.2200,-10.2400,-10.2400,-10.2400,-10.2400,-10.2400,-10.2400,-10.2400,-10.2400
2025-06-15_05:45:51.050,1,1,1,1,2.2250,2.2250,2.2250,2.2250,2.2200,0.0000,2.2200,2.2200,-10.2400,-10.2400,-10.2400,-10.2400,-10.2400,-10.2400,-10.2400,-10.2400
2025-06-15_05:45:52.054,1,1,1,1,2.2250,2.2250,2.2250,2.2250,2.2200,0.0000,2.2200,2.2200,-10.2400,-10.2400,-10.2400,-10.2400,-10.2400,-10.2400,-10.2400,-10.2400
2025-06-15_05:45:53.057,1,1,1,1,2.2250,2.2250,2.2250,2.2250,2.2200,0.0000,2.2200,2.2200,-10.2400,-10.2400,-10.2400,-10.2400,-10.2400,-10.2400,-10.2400,-10.2400
2025-06-15_05:45:54.062,1,1,1,1,2.2200,2.2250,2.2250,2.2250,2.2200,0.0000,2.2200,2.2200,-10.2400,-10.2400,-10.2400,-10.2400,-10.2400,-10.2400,-10.2400,-10.2400
2025-06-15_05:45:55.067,1,1,1,1,2.2250,2.2250,2.2250,2.2250,2.2200,0.0000,2.2200,2.2200,-10.2400,-10.2400,-10.2400,-10.2400,-10.2400,-10.2400,-10.2400,-10.2400
2025-06-15_05:45:56.071,1,1,1,1,2.2250,2.2250,2.2250,2.2250,2.2200,0.0000,2.2200,2.2200,-10.2400,-10.2400,-10.2400,-10.2400,-10.2400,-10.2400,-10.2400,-10.2400
2025-06-15_05:45:57.074,1,1,1,1,2.2200,2.2250,2.2250,2.2250,2.2200,0.0000,2.2200,2.2200,-10.2400,-10.2400,-10.2400,-10.2400,-10.2400,-10.2400,-10.2400,-10.2400
2025-06-15_05:45:58.079,1,1,1,1,2.2200,2.2250,2.2250,2.2250,2.2200,0.0000,2.2200,2.2200,-10.2400,-10.2400,-10.2400,-10.2400,-10.2400,-10.2400,-10.2400,-10.2400
2025-06-15_05:45:59.084,1,1,1,1,2.2250,2.2250,2.2250,2.2250,2.2200,0.0000,2.2200,2.2200,-10.2400,-10.2400,-10.2400,-10.2400,-10.2400,-10.2400,-10.2400,-10.2400
2025-06-15_05:46:00.088,1,1,1,1,2.2250,2.2250,2.2250,2.2250,2.2200,0.0000,2.2200,2.2200,-10.2400,-10.2400,-10.2400,-10.2400,-10.2400,-10.2400,-10.2400,-10.2400
2025-06-15_05:46:01.093,1,1,1,1,2.2250,2.2250,2.2250,2.2250,2.2200,0.0000,2.2200,2.2200,-10.2400,-10.2400,-10.2400,-10.2400,-10.2400,-10.2400,-10.2400,-10.2400
2025-06-15_05:46:02.097,1,1,1,1,2.2250,2.2250,2.2250,2.2250,2.2200,0.0000,2.2200,2.2200,-10.2400,-10.2400,-10.2400,-10.2400,-10.2400,-10.2400,-10.2400,-10.2400
2025-06-15_05:46:03.100,1,1,1,1,2.2250,2.2250,2.2250,2.2250,2.2200,0.0000,2.2200,2.2200,-10.2400,-10.2400,-10.2400,-10.2400,-10.2400,-10.2400,-10.2400,-10.2400
2025-06-15_05:46:04.103,1,1,1,1,2.2250,2.2250,2.2250,2.2250,2.2200,0.0000,2.2200,2.2200,-10.2400,-10.2400,-10.2400,-10.2400,-10.2400,-10.2400,-10.2400,-10.2400
2025-06-15_05:46:05.106,1,1,1,1,2.2250,2.2250,2.2250,2.2250,2.2200,0.0000,2.2200,2.2200,-10.2400,-10.2400,-10.2400,-10.2400,-10.2400,-10.2400,-10.2400,-10.2400
2025-06-15_05:46:06.110,1,1,1,1,2.2250,2.2250,2.2250,2.2250,2.2200,0.0000,2.2200,2.2200,-10.2400,-10.2400,-10.2400,-10.2400,-10.2400,-10.2400,-10.2400,-10.2400
2025-06-15_05:46:07.113,1,1,1,1,2.2250,2.2250,2.2250,2.2250,2.2200,0.0000,2.2200,2.2200,-10.2400,-10.2400,-10.2400,-10.2400,-10.2400,-10.2400,-10.2400,-10.2400
2025-06-15_05:46:08.120,1,1,1,1,2.2250,2.2250,2.2250,2.2250,2.2200,0.0000,2.2200,2.2200,-10.2400,-10.2400,-10.2400,-10.2400,-10.2400,-10.2400,-10.2400,-10.2400
2025-06-15_05:46:09.124,1,1,1,1,2.2250,2.2250,2.2250,2.2250,2.2200,0.0000,2.2200,2.2200,-10.2400,-10.2400,-10.2400,-10.2400,-10.2400,-10.2400,-10.2400,-10.2400
2025-06-15_05:46:10.128,1,1,1,1,2.2200,2.2250,2.2250,2.2250,2.2200,0.0000,2.2200,2.2200,-10.2400,-10.2400,-10.2400,-10.2400,-10.2400,-10.2400,-10.2400,-10.2400
2025-06-15_05:46:11.133,1,1,1,1,2.2250,2.2250,2.2250,2.2250,2.2200,0.0000,2.2200,2.2200,-10.2400,-10.2400,-10.2400,-10.2400,-10.2400,-10.2400,-10.2400,-10.2400
2025-06-15_05:46:12.138,1,1,1,1,2.2250,2.2250,2.2250,2.2250,2.2200,0.0000,2.2200,2.2200,-10.2400,-10.2400,-10.2400,-10.2400,-10.2400,-10.2400,-10.2400,-10.2400
2025-06-15_05:46:13.142,1,1,1,1,2.2200,2.2250,2.2250,2.2250,2.2200,0.0000,2.2200,2.2200,-10.2400,-10.2400,-10.2400,-10.2400,-10.2400,-10.2400,-10.2400,-10.2400
2025-06-15_05:46:14.146,1,1,1,1,2.2200,2.2250,2.2250,2.2250,2.2200,0.0000,2.2200,2.2200,-10.2400,-10.2400,-10.2400,-10.2400,-10.2400,-10.2400,-10.2400,-10.2400
2025-06-15_05:46:15.150,1,1,1,1,2.2250,2.2250,2.2250,2.2250,2.2200,0.0000,2.2200,2.2200,-10.2400,-10.2400,-10.2400,-10.2400,-10.2400,-10.2400,-10.2400,-10.2400
2025-06-15_05:46:16.155,1,1,1,1,2.2250,2.2250,2.2250,2.2250,2.2200,0.0000,2.2200,2.2200,-10.2400,-10.2400,-10.2400,-10.2400,-10.2400,-10.2400,-10.2400,-10.2400
2025-06-15_05:46:17.159,1,1,1,1,2.2200,2.2250,2.2250,2.2250,2.2200,0.0000,2.2200,2.2200,-10.2400,-10.2400,-10.2400,-10.2400,-10.2400,-10.2400,-10.2400,-10.2400
2025-06-15_05:46:18.168,1,1,1,1,2.2250,2.2250,2.2250,2.2250,2.2200,0.0000,2.2200,2.2200,-10.2400,-10.2400,-10.2400,-10.2400,-10.2400,-10.2400,-10.2400,-10.2400
2025-06-15_05:46:19.172,1,1,1,1,2.2250,2.2250,2.2250,2.2250,2.2200,0.0000,2.2200,2.2200,-10.2400,-10.2400,-10.2400,-10.2400,-10.2400,-10.2400,-10.2400,-10.2400
2025-06-15_05:46:20.177,1,1,1,1,2.2200,2.2250,2.2250,2.2250,2.2200,0.0000,2.2200,2.2200,-10.2400,-10.2400,-10.2400,-10.2400,-10.2400,-10.2400,-10.2400,-10.2400
2025-06-15_05:46:21.181,1,1,1,1,2.2200,2.2250,2.2250,2.2250,2.2200,0.0000,2.2200,2.2200,-10.2400,-10.2400,-10.2400,-10.2400,-10.2400,-10.2400,-10.2400,-10.2400
2025-06-15_05:46:22.186,1,1,1,1,2.2200,2.2250,2.2250,2.2250,2.2200,0.0000,2.2200,2.2200,-10.2400,-10.2400,-10.2400,-10.2400,-10.2400,-10.2400,-10.2400,-10.2400
2025-06-15_05:46:23.191,1,1,1,1,2.2250,2.2250,2.2250,2.2250,2.2200,0.0000,2.2200,2.2200,-10.2400,-10.2400,-10.2400,-10.2400,-10.2400,-10.2400,-10.2400,-10.2400
2025-06-15_05:46:24.196,1,1,1,1,2.2200,2.2250,2.2250,2.2250,2.2200,0.0000,2.2200,2.2200,-10.2400,-10.2400,-10.2400,-10.2400,-10.2400,-10.2400,-10.2400,-10.2400
2025-06-15_05:46:25.200,1,1,1,1,2.2250,2.2250,2.2200,2.2250,2.2200,0.0000,2.2200,2.2200,-10.2400,-10.2400,-10.2400,-10.2400,-10.2400,-10.2400,-10.2400,-10.2400
2025-06-15_05:46:26.204,1,1,1,1,2.2250,2.2250,2.2250,2.2250,2.2200,0.0000,2.2200,2.2200,-10.2400,-10.2400,-10.2400,-10.2400,-10.2400,-10.2400,-10.2400,-10.2400
2025-06-15_05:46:27.207,1,1,1,1,2.2200,2.2250,2.2250,2.2250,2.2200,0.0000,2.2200,2.2200,-10.2400,-10.2400,-10.2400,-10.2400,-10.2400,-10.2400,-10.2400,-10.2400
2025-06-15_05:46:28.214,1,1,1,1,2.2250,2.2250,2.2250,2.2250,2.2200,0.0000,2.2200,2.2200,-10.2400,-10.2400,-10.2400,-10.2400,-10.2400,-10.2400,-10.2400,-10.2400
2025-06-15_05:46:29.218,1,1,1,1,2.2250,2.2250,2.2250,2.2250,2.2200,0.0000,2.2200,2.2200,-10.2400,-10.2400,-10.2400,-10.2400,-10.2400,-10.2400,-10.2400,-10.2400
2025-06-15_05:46:30.222,1,1,1,1,2.2250,2.2250,2.2250,2.2250,2.2200,0.0000,2.2200,2.2200,-10.2400,-10.2400,-10.2400,-10.2400,-10.2400,-10.2400,-10.2400,-10.2400
2025-06-15_05:46:31.227,1,1,1,1,2.2250,2.2250,2.2250,2.2250,2.2200,0.0000,2.2200,2.2200,-10.2400,-10.2400,-10.2400,-10.2400,-10.2400,-10.2400,-10.2400,-10.2400
2025-06-15_05:46:32.231,1,1,1,1,2.2250,2.2250,2.2250,2.2250,2.2200,0.0000,2.2200,2.2200,-10.2400,-10.2400,-10.2400,-10.2400,-10.2400,-10.2400,-10.2400,-10.2400
2025-06-15_05:46:33.235,1,1,1,1,2.2200,2.2250,2.2250,2.2250,2.2200,0.0000,2.2200,2.2200,-10.2400,-10.2400,-10.2400,-10.2400,-10.2400,-10.2400,-10.2400,-10.2400
2025-06-15_05:46:34.240,1,1,1,1,2.2200,2.2250,2.2250,2.2250,2.2200,0.0000,2.2200,2.2200,-10.2400,-10.2400,-10.2400,-10.2400,-10.2400,-10.2400,-10.2400,-10.2400
2025-06-15_05:46:35.244,1,1,1,1,2.2250,2.2250,2.2250,2.2250,2.2200,0.0000,2.2200,2.2200,-10.2400,-10.2400,-10.2400,-10.2400,-10.2400,-10.2400,-10.2400,-10.2400
2025-06-15_05:46:36.248,1,1,1,1,2.2250,2.2250,2.2250,2.2250,2.2200,0.0000,2.2200,2.2200,-10.2400,-10.2400,-10.2400,-10.2400,-10.2400,-10.2400,-10.2400,-10.2400
2025-06-15_05:46:37.252,1,1,1,1,2.2250,2.2250,2.2250,2.2250,2.2200,0.0000,2.2200,2.2200,-10.2400,-10.2400,-10.2400,-10.2400,-10.2400,-10.2400,-10.2400,-10.2400
2025-06-15_05:46:38.258,1,1,1,1,2.2200,2.2250,2.2250,2.2250,2.2200,0.0000,2.2200,2.2200,-10.2400,-10.2400,-10.2400,-10.2400,-10.2400,-10.2400,-10.2400,-10.2400
2025-06-15_05:46:39.263,1,1,1,1,2.2250,2.2250,2.2250,2.2250,2.2200,0.0000,2.2200,2.2200,-10.2400,-10.2400,-10.2400,-10.2400,-10.2400,-10.2400,-10.2400,-10.2400
2025-06-15_05:46:40.267,1,1,1,1,2.2250,2.2250,2.2250,2.2250,2.2200,0.0000,2.2200,2.2200,-10.2400,-10.2400,-10.2400,-10.2400,-10.2400,-10.2400,-10.2400,-10.2400
2025-06-15_05:46:41.271,1,1,1,1,2.2250,2.2250,2.2250,2.2250,2.2200,0.0000,2.2200,2.2200,-10.2400,-10.2400,-10.2400,-10.2400,-10.2400,-10.2400,-10.2400,-10.2400
2025-06-15_05:46:42.275,1,1,1,1,2.2250,2.2250,2.2250,2.2250,2.2200,0.0000,2.2200,2.2200,-10.2400,-10.2400,-10.2400,-10.2400,-10.2400,-10.2400,-10.2400,-10.2400
2025-06-15_05:46:43.279,1,1,1,1,2.2200,2.2250,2.2250,2.2250,2.2200,0.0000,2.2200,2.2200,-10.2400,-10.2400,-10.2400,-10.2400,-10.2400,-10.2400,-10.2400,-10.2400
2025-06-15_05:46:44.284,1,1,1,1,2.2250,2.2250,2.2250,2.2250,2.2200,0.0000,2.2200,2.2200,-10.2400,-10.2400,-10.2400,-10.2400,-10.2400,-10.2400,-10.2400,-10.2400
2025-06-15_05:46:45.288,1,1,1,1,2.2250,2.2250,2.2250,2.2250,2.2200,0.0000,2.2200,2.2200,-10.2400,-10.2400,-10.2400,-10.2400,-10.2400,-10.2400,-10.2400,-10.2400
2025-06-15_05:46:46.293,1,1,1,1,2.2200,2.2250,2.2250,2.2250,2.2200,0.0000,2.2200,2.2200,-10.2400,-10.2400,-10.2400,-10.2400,-10.2400,-10.2400,-10.2400,-10.2400
2025-06-15_05:46:47.298,1,1,1,1,2.2250,2.2250,2.2250,2.2250,2.2200,0.0000,2.2200,2.2200,-10.2400,-10.2400,-10.2400,-10.2400,-10.2400,-10.2400,-10.2400,-10.2400
2025-06-15_05:46:48.304,1,1,1,1,2.2250,2.2250,2.2250,2.2250,2.2200,0.0000,2.2200,2.2200,-10.2400,-10.2400,-10.2400,-10.2400,-10.2400,-10.2400,-10.2400,-10.2400
2025-06-15_05:46:49.308,1,1,1,1,2.2250,2.2250,2.2250,2.2250,2.2200,0.0000,2.2200,2.2200,-10.2400,-10.2400,-10.2400,-10.2400,-10.2400,-10.2400,-10.2400,-10.2400
2025-06-15_05:46:50.312,1,1,1,1,2.2250,2.2250,2.2250,2.2250,2.2200,0.0000,2.2200,2.2200,-10.2400,-10.2400,-10.2400,-10.2400,-10.2400,-10.2400,-10.2400,-10.2400
2025-06-15_05:46:51.318,1,1,1,1,2.2200,2.2250,2.2250,2.2250,2.2200,0.0000,2.2200,2.2200,-10.2400,-10.2400,-10.2400,-10.2400,-10.2400,-10.2400,-10.2400,-10.2400
2025-06-15_05:46:52.322,1,1,1,1,2.2250,2.2250,2.2250,2.2250,2.2200,0.0000,2.2200,2.2200,-10.2400,-10.2400,-10.2400,-10.2400,-10.2400,-10.2400,-10.2400,-10.2400
2025-06-15_05:46:53.326,1,1,1,1,2.2250,2.2250,2.2250,2.2250,2.2200,0.0000,2.2200,2.2200,-10.2400,-10.2400,-10.2400,-10.2400,-10.2400,-10.2400,-10.2400,-10.2400
2025-06-15_05:46:54.331,1,1,1,1,2.2250,2.2250,2.2250,2.2250,2.2200,0.0000,2.2200,2.2200,-10.2400,-10.2400,-10.2400,-10.2400,-10.2400,-10.2400,-10.2400,-10.2400
2025-06-15_05:46:55.336,1,1,1,1,2.2250,2.2250,2.2250,2.2250,2.2200,0.0000,2.2200,2.2200,-10.2400,-10.2400,-10.2400,-10.2400,-10.2400,-10.2400,-10.2400,-10.2400
2025-06-15_05:46:56.341,1,1,1,1,2.2250,2.2250,2.2250,2.2250,2.2200,0.0000,2.2200,2.2200,-10.2400,-10.2400,-10.2400,-10.2400,-10.2400,-10.2400,-10.2400,-10.2400
2025-06-15_05:46:57.345,1,1,1,1,2.2200,2.2250,2.2250,2.2250,2.2200,0.0000,2.2200,2.2200,-10.2400,-10.2400,-10.2400,-10.2400,-10.2400,-10.2400,-10.2400,-10.2400
2025-06-15_05:46:58.352,1,1,1,1,2.2200,2.2250,2.2250,2.2250,2.2200,0.0000,2.2200,2.2200,-10.2400,-10.2400,-10.2400,-10.2400,-10.2400,-10.2400,-10.2400,-10.2400
2025-06-15_05:46:59.355,1,1,1,1,2.2200,2.2250,2.2250,2.2250,2.2200,0.0000,2.2200,2.2200,-10.2400,-10.2400,-10.2400,-10.2400,-10.2400,-10.2400,-10.2400,-10.2400
2025-06-15_05:47:00.360,1,1,1,1,2.2200,2.2250,2.2250,2.2250,2.2200,0.0000,2.2200,2.2200,-10.2400,-10.2400,-10.2400,-10.2400,-10.2400,-10.2400,-10.2400,-10.2400
2025-06-15_05:47:01.365,1,1,1,1,2.2250,2.2250,2.2250,2.2250,2.2200,0.0000,2.2200,2.2200,-10.2400,-10.2400,-10.2400,-10.2400,-10.2400,-10.2400,-10.2400,-10.2400
2025-06-15_05:47:02.369,1,1,1,1,2.2200,2.2250,2.2250,2.2250,2.2200,0.0000,2.2200,2.2200,-10.2400,-10.2400,-10.2400,-10.2400,-10.2400,-10.2400,-10.2400,-10.2400
2025-06-15_05:47:03.373,1,1,1,1,2.2250,2.2250,2.2250,2.2250,2.2200,0.0000,2.2200,2.2200,-10.2400,-10.2400,-10.2400,-10.2400,-10.2400,-10.2400,-10.2400,-10.2400
2025-06-15_05:47:04.377,1,1,1,1,2.2250,2.2250,2.2250,2.2250,2.2200,0.0000,2.2200,2.2200,-10.2400,-10.2400,-10.2400,-10.2400,-10.2400,-10.2400,-10.2400,-10.2400
2025-06-15_05:47:05.380,1,1,1,1,2.2250,2.2250,2.2250,2.2250,2.2200,0.0000,2.2200,2.2200,-10.2400,-10.2400,-10.2400,-10.2400,-10.2400,-10.2400,-10.2400,-10.2400
2025-06-15_05:47:06.383,1,1,1,1,2.2250,2.2250,2.2250,2.2250,2.2200,0.0000,2.2200,2.2200,-10.2400,-10.2400,-10.2400,-10.2400,-10.2400,-10.2400,-10.2400,-10.2400
2025-06-15_05:47:07.387,1,1,1,1,2.2250,2.2250,2.2250,2.2250,2.2200,0.0000,2.2200,2.2200,-10.2400,-10.2400,-10.2400,-10.2400,-10.2400,-10.2400,-10.2400,-10.2400
2025-06-15_05:47:08.392,1,1,1,1,2.2250,2.2250,2.2250,2.2250,2.2200,0.0000,2.2200,2.2200,-10.2400,-10.2400,-10.2400,-10.2400,-10.2400,-10.2400,-10.2400,-10.2400
2025-06-15_05:47:09.395,1,1,1,1,2.2250,2.2250,2.2250,2.2250,2.2200,0.0000,2.2200,2.2200,-10.2400,-10.2400,-10.2400,-10.2400,-10.2400,-10.2400,-10.2400,-10.2400
2025-06-15_05:47:10.399,1,1,1,1,2.2200,2.2250,2.2250,2.2250,2.2200,0.0000,2.2200,2.2200,-10.2400,-10.2400,-10.2400,-10.2400,-10.2400,-10.2400,-10.2400,-10.2400
2025-06-15_05:47:11.404,1,1,1,1,2.2250,2.2250,2.2250,2.2250,2.2200,0.0000,2.2200,2.2200,-10.2400,-10.2400,-10.2400,-10.2400,-10.2400,-10.2400,-10.2400,-10.2400
2025-06-15_05:47:12.408,1,1,1,1,2.2200,2.2250,2.2250,2.2250,2.2200,0.0000,2.2200,2.2200,-10.2400,-10.2400,-10.2400,-10.2400,-10.2400,-10.2400,-10.2400,-10.2400
2025-06-15_05:47:13.413,1,1,1,1,2.2200,2.2250,2.2250,2.2250,2.2200,0.0000,2.2200,2.2200,-10.2400,-10.2400,-10.2400,-10.2400,-10.2400,-10.2400,-10.2400,-10.2400
2025-06-15_05:47:14.418,1,1,1,1,2.2250,2.2250,2.2250,2.2250,2.2200,0.0000,2.2200,2.2200,-10.2400,-10.2400,-10.2400,-10.2400,-10.2400,-10.2400,-10.2400,-10.2400
2025-06-15_05:47:15.423,1,1,1,1,2.2250,2.2250,2.2250,2.2250,2.2200,0.0000,2.2200,2.2200,-10.2400,-10.2400,-10.2400,-10.2400,-10.2400,-10.2400,-10.2400,-10.2400
2025-06-15_05:47:16.427,1,1,1,1,2.2200,2.2250,2.2250,2.2250,2.2200,0.0000,2.2200,2.2200,-10.2400,-10.2400,-10.2400,-10.2400,-10.2400,-10.2400,-10.2400,-10.2400
2025-06-15_05:47:17.431,1,1,1,1,2.2250,2.2250,2.2250,2.2250,2.2200,0.0000,2.2200,2.2200,-10.2400,-10.2400,-10.2400,-10.2400,-10.2400,-10.2400,-10.2400,-10.2400
2025-06-15_05:47:18.436,1,1,1,1,2.2250,2.2250,2.2250,2.2250,2.2200,0.0000,2.2200,2.2200,-10.2400,-10.2400,-10.2400,-10.2400,-10.2400,-10.2400,-10.2400,-10.2400
2025-06-15_05:47:19.441,1,1,1,1,2.2250,2.2250,2.2250,2.2250,2.2200,0.0000,2.2200,2.2200,-10.2400,-10.2400,-10.2400,-10.2400,-10.2400,-10.2400,-10.2400,-10.2400
2025-06-15_05:47:20.446,1,1,1,1,2.2250,2.2250,2.2250,2.2250,2.2200,0.0000,2.2200,2.2200,-10.2400,-10.2400,-10.2400,-10.2400,-10.2400,-10.2400,-10.2400,-10.2400
2025-06-15_05:47:21.451,1,1,1,1,2.2250,2.2250,2.2250,2.2250,2.2200,0.0000,2.2200,2.2200,-10.2400,-10.2400,-10.2400,-10.2400,-10.2400,-10.2400,-10.2400,-10.2400
2025-06-15_05:47:22.455,1,1,1,1,2.2250,2.2250,2.2250,2.2250,2.2200,0.0000,2.2200,2.2200,-10.2400,-10.2400,-10.2400,-10.2400,-10.2400,-10.2400,-10.2400,-10.2400
2025-06-15_05:47:23.458,1,1,1,1,2.2250,2.2250,2.2250,2.2250,2.2200,0.0000,2.2200,2.2200,-10.2400,-10.2400,-10.2400,-10.2400,-10.2400,-10.2400,-10.2400,-10.2400
2025-06-15_05:47:24.463,1,1,1,1,2.2250,2.2250,2.2250,2.2250,2.2200,0.0000,2.2200,2.2200,-10.2400,-10.2400,-10.2400,-10.2400,-10.2400,-10.2400,-10.2400,-10.2400
2025-06-15_05:47:25.467,1,1,1,1,2.2250,2.2250,2.2250,2.2250,2.2200,0.0000,2.2200,2.2200,-10.2400,-10.2400,-10.2400,-10.2400,-10.2400,-10.2400,-10.2400,-10.2400
2025-06-15_05:47:26.472,1,1,1,1,2.2200,2.2250,2.2250,2.2250,2.2200,0.0000,2.2200,2.2200,-10.2400,-10.2400,-10.2400,-10.2400,-10.2400,-10.2400,-10.2400,-10.2400
2025-06-15_05:47:27.475,1,1,1,1,2.2250,2.2250,2.2250,2.2250,2.2200,0.0000,2.2200,2.2200,-10.2400,-10.2400,-10.2400,-10.2400,-10.2400,-10.2400,-10.2400,-10.2400
2025-06-15_05:47:28.479,1,1,1,1,2.2250,2.2250,2.2250,2.2250,2.2200,0.0000,2.2200,2.2200,-10.2400,-10.2400,-10.2400,-10.2400,-10.2400,-10.2400,-10.2400,-10.2400
2025-06-15_05:47:29.483,1,1,1,1,2.2250,2.2250,2.2250,2.2250,2.2200,0.0000,2.2200,2.2200,-10.2400,-10.2400,-10.2400,-10.2400,-10.2400,-10.2400,-10.2400,-10.2400
2025-06-15_05:47:30.487,1,1,1,1,2.2200,2.2250,2.2250,2.2250,2.2200,0.0000,2.2200,2.2200,-10.2400,-10.2400,-10.2400,-10.2400,-10.2400,-10.2400,-10.2400,-10.2400
2025-06-15_05:47:31.491,1,1,1,1,2.2250,2.2250,2.2250,2.2250,2.2200,0.0000,2.2200,2.2200,-10.2400,-10.2400,-10.2400,-10.2400,-10.2400,-10.2400,-10.2400,-10.2400
2025-06-15_05:47:32.496,1,1,1,1,2.2200,2.2250,2.2250,2.2250,2.2200,0.0000,2.2200,2.2200,-10.2400,-10.2400,-10.2400,-10.2400,-10.2400,-10.2400,-10.2400,-10.2400
2025-06-15_05:47:33.499,1,1,1,1,2.2250,2.2250,2.2250,2.2250,2.2200,0.0000,2.2200,2.2200,-10.2400,-10.2400,-10.2400,-10.2400,-10.2400,-10.2400,-10.2400,-10.2400
2025-06-15_05:47:34.504,1,1,1,1,2.2200,2.2250,2.2250,2.2250,2.2200,0.0000,2.2200,2.2200,-10.2400,-10.2400,-10.2400,-10.2400,-10.2400,-10.2400,-10.2400,-10.2400
2025-06-15_05:47:35.508,1,1,1,1,2.2250,2.2250,2.2250,2.2250,2.2200,0.0000,2.2200,2.2200,-10.2400,-10.2400,-10.2400,-10.2400,-10.2400,-10.2400,-10.2400,-10.2400
2025-06-15_05:47:36.512,1,1,1,1,2.2250,2.2250,2.2250,2.2250,2.2200,0.0000,2.2200,2.2200,-10.2400,-10.2400,-10.2400,-10.2400,-10.2400,-10.2400,-10.2400,-10.2400
2025-06-15_05:47:37.516,1,1,1,1,2.2250,2.2250,2.2250,2.2250,2.2200,0.0000,2.2200,2.2200,-10.2400,-10.2400,-10.2400,-10.2400,-10.2400,-10.2400,-10.2400,-10.2400
2025-06-15_05:47:38.520,1,1,1,1,2.2250,2.2250,2.2200,2.2250,2.2200,0.0000,2.2200,2.2200,-10.2400,-10.2400,-10.2400,-10.2400,-10.2400,-10.2400,-10.2400,-10.2400
2025-06-15_05:47:39.523,1,1,1,1,2.2250,2.2250,2.2250,2.2250,2.2200,0.0000,2.2200,2.2200,-10.2400,-10.2400,-10.2400,-10.2400,-10.2400,-10.2400,-10.2400,-10.2400
2025-06-15_05:47:40.527,1,1,1,1,2.2250,2.2250,2.2250,2.2250,2.2200,0.0000,2.2200,2.2200,-10.2400,-10.2400,-10.2400,-10.2400,-10.2400,-10.2400,-10.2400,-10.2400
2025-06-15_05:47:41.531,1,1,1,1,2.2200,2.2250,2.2250,2.2250,2.2200,0.0000,2.2200,2.2200,-10.2400,-10.2400,-10.2400,-10.2400,-10.2400,-10.2400,-10.2400,-10.2400
2025-06-15_05:47:42.536,1,1,1,1,2.2200,2.2250,2.2250,2.2250,2.2200,0.0000,2.2200,2.2200,-10.2400,-10.2400,-10.2400,-10.2400,-10.2400,-10.2400,-10.2400,-10.2400
2025-06-15_05:47:43.541,1,1,1,1,2.2200,2.2250,2.2250,2.2250,2.2200,0.0000,2.2200,2.2200,-10.2400,-10.2400,-10.2400,-10.2400,-10.2400,-10.2400,-10.2400,-10.2400
2025-06-15_05:47:44.545,1,1,1,1,2.2200,2.2250,2.2250,2.2250,2.2200,0.0000,2.2200,2.2200,-10.2400,-10.2400,-10.2400,-10.2400,-10.2400,-10.2400,-10.2400,-10.2400
2025-06-15_05:47:45.550,1,1,1,1,2.2200,2.2250,2.2250,2.2250,2.2200,0.0000,2.2200,2.2200,-10.2400,-10.2400,-10.2400,-10.2400,-10.2400,-10.2400,-10.2400,-10.2400
2025-06-15_05:47:46.553,1,1,1,1,2.2250,2.2250,2.2250,2.2250,2.2200,0.0000,2.2200,2.2200,-10.2400,-10.2400,-10.2400,-10.2400,-10.2400,-10.2400,-10.2400,-10.2400
2025-06-15_05:47:47.558,1,1,1,1,2.2200,2.2250,2.2250,2.2250,2.2200,0.0000,2.2200,2.2200,-10.2400,-10.2400,-10.2400,-10.2400,-10.2400,-10.2400,-10.2400,-10.2400
2025-06-15_05:47:48.562,1,1,1,1,2.2250,2.2250,2.2250,2.2250,2.2200,0.0000,2.2200,2.2200,-10.2400,-10.2400,-10.2400,-10.2400,-10.2400,-10.2400,-10.2400,-10.2400
2025-06-15_05:47:49.567,1,1,1,1,2.2200,2.2250,2.2250,2.2250,2.2200,0.0000,2.2200,2.2200,-10.2400,-10.2400,-10.2400,-10.2400,-10.2400,-10.2400,-10.2400,-10.2400
2025-06-15_05:47:50.571,1,1,1,1,2.2200,2.2250,2.2250,2.2250,2.2200,0.0000,2.2200,2.2200,-10.2400,-10.2400,-10.2400,-10.2400,-10.2400,-10.2400,-10.2400,-10.2400
2025-06-15_05:47:51.576,1,1,1,1,2.2250,2.2250,2.2250,2.2250,2.2200,0.0000,2.2200,2.2200,-10.2400,-10.2400,-10.2400,-10.2400,-10.2400,-10.2400,-10.2400,-10.2400
2025-06-15_05:47:52.581,1,1,1,1,2.2200,2.2250,2.2250,2.2250,2.2200,0.0000,2.2200,2.2200,-10.2400,-10.2400,-10.2400,-10.2400,-10.2400,-10.2400,-10.2400,-10.2400
2025-06-15_05:47:53.585,1,1,1,1,2.2250,2.2250,2.2250,2.2250,2.2200,0.0000,2.2200,2.2200,-10.2400,-10.2400,-10.2400,-10.2400,-10.2400,-10.2400,-10.2400,-10.2400
2025-06-15_05:47:54.589,1,1,1,1,2.2250,2.2250,2.2250,2.2250,2.2200,0.0000,2.2200,2.2200,-10.2400,-10.2400,-10.2400,-10.2400,-10.2400,-10.2400,-10.2400,-10.2400
2025-06-15_05:47:55.594,1,1,1,1,2.2200,2.2250,2.2250,2.2250,2.2200,0.0000,2.2200,2.2200,-10.2400,-10.2400,-10.2400,-10.2400,-10.2400,-10.2400,-10.2400,-10.2400
2025-06-15_05:47:56.598,1,1,1,1,2.2200,2.2250,2.2250,2.2250,2.2200,0.0000,2.2200,2.2200,-10.2400,-10.2400,-10.2400,-10.2400,-10.2400,-10.2400,-10.2400,-10.2400
2025-06-15_05:47:57.603,1,1,1,1,2.2250,2.2250,2.2250,2.2250,2.2200,0.0000,2.2200,2.2200,-10.2400,-10.2400,-10.2400,-10.2400,-10.2400,-10.2400,-10.2400,-10.2400
2025-06-15_05:47:58.607,1,1,1,1,2.2250,2.2250,2.2250,2.2250,2.2200,0.0000,2.2200,2.2200,-10.2400,-10.2400,-10.2400,-10.2400,-10.2400,-10.2400,-10.2400,-10.2400
2025-06-15_05:47:59.612,1,1,1,1,2.2250,2.2250,2.2250,2.2250,2.2200,0.0000,2.2200,2.2200,-10.2400,-10.2400,-10.2400,-10.2400,-10.2400,-10.2400,-10.2400,-10.2400
2025-06-15_05:48:00.615,1,1,1,1,2.2200,2.2250,2.2250,2.2250,2.2200,0.0000,2.2200,2.2200,-10.2400,-10.2400,-10.2400,-10.2400,-10.2400,-10.2400,-10.2400,-10.2400
2025-06-15_05:48:01.620,1,1,1,1,2.2200,2.2250,2.2250,2.2250,2.2200,0.0000,2.2200,2.2200,-10.2400,-10.2400,-10.2400,-10.2400,-10.2400,-10.2400,-10.2400,-10.2400
2025-06-15_05:48:02.623,1,1,1,1,2.2200,2.2250,2.2250,2.2250,2.2200,0.0000,2.2200,2.2200,-10.2400,-10.2400,-10.2400,-10.2400,-10.2400,-10.2400,-10.2400,-10.2400
2025-06-15_05:48:03.628,1,1,1,1,2.2200,2.2250,2.2250,2.2250,2.2200,0.0000,2.2200,2.2200,-10.2400,-10.2400,-10.2400,-10.2400,-10.2400,-10.2400,-10.2400,-10.2400
2025-06-15_05:48:04.633,1,1,1,1,2.2200,2.2250,2.2250,2.2250,2.2200,0.0000,2.2200,2.2200,-10.2400,-10.2400,-10.2400,-10.2400,-10.2400,-10.2400,-10.2400,-10.2400
2025-06-15_05:48:05.637,1,1,1,1,2.2200,2.2250,2.2250,2.2250,2.2200,0.0000,2.2200,2.2200,-10.2400,-10.2400,-10.2400,-10.2400,-10.2400,-10.2400,-10.2400,-10.2400
2025-06-15_05:48:06.641,1,1,1,1,2.2250,2.2250,2.2250,2.2250,2.2200,0.0000,2.2200,2.2200,-10.2400,-10.2400,-10.2400,-10.2400,-10.2400,-10.2400,-10.2400,-10.2400
2025-06-15_05:48:07.645,1,1,1,1,2.2200,2.2250,2.2250,2.2250,2.2200,0.0000,2.2200,2.2200,-10.2400,-10.2400,-10.2400,-10.2400,-10.2400,-10.2400,-10.2400,-10.2400
2025-06-15_05:48:08.651,1,1,1,1,2.2200,2.2250,2.2250,2.2250,2.2200,0.0000,2.2200,2.2200,-10.2400,-10.2400,-10.2400,-10.2400,-10.2400,-10.2400,-10.2400,-10.2400
2025-06-15_05:48:09.654,1,1,1,1,2.2250,2.2250,2.2250,2.2250,2.2200,0.0000,2.2200,2.2200,-10.2400,-10.2400,-10.2400,-10.2400,-10.2400,-10.2400,-10.2400,-10.2400
2025-06-15_05:48:10.659,1,1,1,1,2.2200,2.2250,2.2250,2.2250,2.2200,0.0000,2.2200,2.2200,-10.2400,-10.2400,-10.2400,-10.2400,-10.2400,-10.2400,-10.2400,-10.2400
2025-06-15_05:48:11.663,1,1,1,1,2.2250,2.2250,2.2250,2.2250,2.2200,0.0000,2.2200,2.2200,-10.2400,-10.2400,-10.2400,-10.2400,-10.2400,-10.2400,-10.2400,-10.2400
2025-06-15_05:48:12.666,1,1,1,1,2.2200,2.2250,2.2250,2.2250,2.2200,0.0000,2.2200,2.2200,-10.2400,-10.2400,-10.2400,-10.2400,-10.2400,-10.2400,-10.2400,-10.2400
2025-06-15_05:48:13.670,1,1,1,1,2.2200,2.2250,2.2250,2.2250,2.2200,0.0000,2.2200,2.2200,-10.2400,-10.2400,-10.2400,-10.2400,-10.2400,-10.2400,-10.2400,-10.2400
2025-06-15_05:48:14.674,1,1,1,1,2.2250,2.2250,2.2200,2.2250,2.2200,0.0000,2.2200,2.2200,-10.2400,-10.2400,-10.2400,-10.2400,-10.2400,-10.2400,-10.2400,-10.2400
2025-06-15_05:48:15.678,1,1,1,1,2.2250,2.2250,2.2250,2.2250,2.2200,0.0000,2.2200,2.2200,-10.2400,-10.2400,-10.2400,-10.2400,-10.2400,-10.2400,-10.2400,-10.2400
2025-06-15_05:48:16.681,1,1,1,1,2.2250,2.2250,2.2250,2.2250,2.2200,0.0000,2.2200,2.2200,-10.2400,-10.2400,-10.2400,-10.2400,-10.2400,-10.2400,-10.2400,-10.2400
2025-06-15_05:48:17.685,1,1,1,1,2.2250,2.2250,2.2250,2.2250,2.2200,0.0000,2.2200,2.2200,-10.2400,-10.2400,-10.2400,-10.2400,-10.2400,-10.2400,-10.2400,-10.2400
2025-06-15_05:48:18.693,1,1,1,1,2.2250,2.2250,2.2250,2.2250,2.2200,0.0000,2.2200,2.2200,-10.2400,-10.2400,-10.2400,-10.2400,-10.2400,-10.2400,-10.2400,-10.2400
2025-06-15_05:48:19.696,1,1,1,1,2.2250,2.2250,2.2250,2.2250,2.2200,0.0000,2.2200,2.2200,-10.2400,-10.2400,-10.2400,-10.2400,-10.2400,-10.2400,-10.2400,-10.2400
2025-06-15_05:48:20.700,1,1,1,1,2.2200,2.2250,2.2250,2.2250,2.2200,0.0000,2.2200,2.2200,-10.2400,-10.2400,-10.2400,-10.2400,-10.2400,-10.2400,-10.2400,-10.2400
2025-06-15_05:48:21.704,1,1,1,1,2.2250,2.2250,2.2250,2.2250,2.2200,0.0000,2.2200,2.2200,-10.2400,-10.2400,-10.2400,-10.2400,-10.2400,-10.2400,-10.2400,-10.2400
2025-06-15_05:48:22.709,1,1,1,1,2.2200,2.2250,2.2250,2.2250,2.2200,0.0000,2.2200,2.2200,-10.2400,-10.2400,-10.2400,-10.2400,-10.2400,-10.2400,-10.2400,-10.2400
2025-06-15_05:48:23.713,1,1,1,1,2.2200,2.2250,2.2250,2.2250,2.2200,0.0000,2.2200,2.2200,-10.2400,-10.2400,-10.2400,-10.2400,-10.2400,-10.2400,-10.2400,-10.2400
2025-06-15_05:48:24.717,1,1,1,1,2.2200,2.2250,2.2250,2.2250,2.2200,0.0000,2.2200,2.2200,-10.2400,-10.2400,-10.2400,-10.2400,-10.2400,-10.2400,-10.2400,-10.2400
2025-06-15_05:48:25.721,1,1,1,1,2.2250,2.2250,2.2250,2.2250,2.2200,0.0000,2.2200,2.2200,-10.2400,-10.2400,-10.2400,-10.2400,-10.2400,-10.2400,-10.2400,-10.2400
2025-06-15_05:48:26.725,1,1,1,1,2.2250,2.2250,2.2250,2.2250,2.2200,0.0000,2.2200,2.2200,-10.2400,-10.2400,-10.2400,-10.2400,-10.2400,-10.2400,-10.2400,-10.2400
2025-06-15_05:48:27.729,1,1,1,1,2.2250,2.2250,2.2250,2.2250,2.2200,0.0000,2.2200,2.2200,-10.2400,-10.2400,-10.2400,-10.2400,-10.2400,-10.2400,-10.2400,-10.2400
2025-06-15_05:48:28.733,1,1,1,1,2.2250,2.2250,2.2250,2.2250,2.2200,0.0000,2.2200,2.2200,-10.2400,-10.2400,-10.2400,-10.2400,-10.2400,-10.2400,-10.2400,-10.2400
2025-06-15_05:48:29.737,1,1,1,1,2.2250,2.2250,2.2250,2.2250,2.2200,0.0000,2.2200,2.2200,-10.2400,-10.2400,-10.2400,-10.2400,-10.2400,-10.2400,-10.2400,-10.2400
2025-06-15_05:48:30.740,1,1,1,1,2.2250,2.2250,2.2250,2.2250,2.2200,0.0000,2.2200,2.2200,-10.2400,-10.2400,-10.2400,-10.2400,-10.2400,-10.2400,-10.2400,-10.2400
2025-06-15_05:48:31.743,1,1,1,1,2.2250,2.2250,2.2250,2.2250,2.2200,0.0000,2.2200,2.2200,-10.2400,-10.2400,-10.2400,-10.2400,-10.2400,-10.2400,-10.2400,-10.2400
2025-06-15_05:48:32.747,1,1,1,1,2.2250,2.2250,2.2250,2.2250,2.2200,0.0000,2.2200,2.2200,-10.2400,-10.2400,-10.2400,-10.2400,-10.2400,-10.2400,-10.2400,-10.2400
2025-06-15_05:48:33.750,1,1,1,1,2.2250,2.2250,2.2250,2.2250,2.2200,0.0000,2.2200,2.2200,-10.2400,-10.2400,-10.2400,-10.2400,-10.2400,-10.2400,-10.2400,-10.2400
2025-06-15_05:48:34.755,1,1,1,1,2.2250,2.2250,2.2250,2.2250,2.2200,0.0000,2.2200,2.2200,-10.2400,-10.2400,-10.2400,-10.2400,-10.2400,-10.2400,-10.2400,-10.2400
2025-06-15_05:48:35.759,1,1,1,1,2.2250,2.2250,2.2250,2.2250,2.2200,0.0000,2.2200,2.2200,-10.2400,-10.2400,-10.2400,-10.2400,-10.2400,-10.2400,-10.2400,-10.2400
2025-06-15_05:48:36.763,1,1,1,1,2.2250,2.2250,2.2250,2.2250,2.2200,0.0000,2.2200,2.2200,-10.2400,-10.2400,-10.2400,-10.2400,-10.2400,-10.2400,-10.2400,-10.2400
2025-06-15_05:48:37.768,1,1,1,1,2.2200,2.2250,2.2250,2.2250,2.2200,0.0000,2.2200,2.2200,-10.2400,-10.2400,-10.2400,-10.2400,-10.2400,-10.2400,-10.2400,-10.2400
2025-06-15_05:48:38.772,1,1,1,1,2.2250,2.2250,2.2250,2.2250,2.2200,0.0000,2.2200,2.2200,-10.2400,-10.2400,-10.2400,-10.2400,-10.2400,-10.2400,-10.2400,-10.2400
2025-06-15_05:48:39.777,1,1,1,1,2.2200,2.2250,2.2250,2.2250,2.2200,0.0000,2.2200,2.2200,-10.2400,-10.2400,-10.2400,-10.2400,-10.2400,-10.2400,-10.2400,-10.2400
2025-06-15_05:48:40.782,1,1,1,1,2.2250,2.2250,2.2250,2.2250,2.2200,0.0000,2.2200,2.2200,-10.2400,-10.2400,-10.2400,-10.2400,-10.2400,-10.2400,-10.2400,-10.2400
2025-06-15_05:48:41.786,1,1,1,1,2.2200,2.2250,2.2250,2.2250,2.2200,0.0000,2.2200,2.2200,-10.2400,-10.2400,-10.2400,-10.2400,-10.2400,-10.2400,-10.2400,-10.2400
2025-06-15_05:48:42.791,1,1,1,1,2.2200,2.2250,2.2250,2.2250,2.2200,0.0000,2.2200,2.2200,-10.2400,-10.2400,-10.2400,-10.2400,-10.2400,-10.2400,-10.2400,-10.2400
2025-06-15_05:48:43.796,1,1,1,1,2.2200,2.2250,2.2250,2.2250,2.2200,0.0000,2.2200,2.2200,-10.2400,-10.2400,-10.2400,-10.2400,-10.2400,-10.2400,-10.2400,-10.2400
2025-06-15_05:48:44.801,1,1,1,1,2.2200,2.2250,2.2250,2.2250,2.2200,0.0000,2.2200,2.2200,-10.2400,-10.2400,-10.2400,-10.2400,-10.2400,-10.2400,-10.2400,-10.2400
2025-06-15_05:48:45.804,1,1,1,1,2.2250,2.2250,2.2250,2.2250,2.2200,0.0000,2.2200,2.2200,-10.2400,-10.2400,-10.2400,-10.2400,-10.2400,-10.2400,-10.2400,-10.2400
2025-06-15_05:48:46.808,1,1,1,1,2.2200,2.2250,2.2250,2.2250,2.2200,0.0000,2.2200,2.2200,-10.2400,-10.2400,-10.2400,-10.2400,-10.2400,-10.2400,-10.2400,-10.2400
2025-06-15_05:48:47.812,1,1,1,1,2.2250,2.2250,2.2250,2.2250,2.2200,0.0000,2.2200,2.2200,-10.2400,-10.2400,-10.2400,-10.2400,-10.2400,-10.2400,-10.2400,-10.2400
2025-06-15_05:48:48.817,1,1,1,1,2.2200,2.2250,2.2250,2.2250,2.2200,0.0000,2.2200,2.2200,-10.2400,-10.2400,-10.2400,-10.2400,-10.2400,-10.2400,-10.2400,-10.2400
2025-06-15_05:48:49.822,1,1,1,1,2.2250,2.2250,2.2250,2.2250,2.2200,0.0000,2.2200,2.2200,-10.2400,-10.2400,-10.2400,-10.2400,-10.2400,-10.2400,-10.2400,-10.2400
2025-06-15_05:48:50.826,1,1,1,1,2.2250,2.2250,2.2250,2.2250,2.2200,0.0000,2.2200,2.2200,-10.2400,-10.2400,-10.2400,-10.2400,-10.2400,-10.2400,-10.2400,-10.2400
2025-06-15_05:48:51.831,1,1,1,1,2.2200,2.2250,2.2250,2.2250,2.2200,0.0000,2.2200,2.2200,-10.2400,-10.2400,-10.2400,-10.2400,-10.2400,-10.2400,-10.2400,-10.2400
2025-06-15_05:48:52.834,1,1,1,1,2.2250,2.2250,2.2250,2.2250,2.2200,0.0000,2.2200,2.2200,-10.2400,-10.2400,-10.2400,-10.2400,-10.2400,-10.2400,-10.2400,-10.2400
2025-06-15_05:48:53.839,1,1,1,1,2.2250,2.2250,2.2250,2.2250,2.2200,0.0000,2.2200,2.2200,-10.2400,-10.2400,-10.2400,-10.2400,-10.2400,-10.2400,-10.2400,-10.2400
2025-06-15_05:48:54.844,1,1,1,1,2.2250,2.2250,2.2250,2.2250,2.2200,0.0000,2.2200,2.2200,-10.2400,-10.2400,-10.2400,-10.2400,-10.2400,-10.2400,-10.2400,-10.2400
2025-06-15_05:48:55.848,1,1,1,1,2.2200,2.2250,2.2250,2.2250,2.2200,0.0000,2.2200,2.2200,-10.2400,-10.2400,-10.2400,-10.2400,-10.2400,-10.2400,-10.2400,-10.2400
2025-06-15_05:48:56.853,1,1,1,1,2.2200,2.2250,2.2250,2.2250,2.2200,0.0000,2.2200,2.2200,-10.2400,-10.2400,-10.2400,-10.2400,-10.2400,-10.2400,-10.2400,-10.2400
2025-06-15_05:48:57.857,1,1,1,1,2.2250,2.2250,2.2250,2.2250,2.2200,0.0000,2.2200,2.2200,-10.2400,-10.2400,-10.2400,-10.2400,-10.2400,-10.2400,-10.2400,-10.2400
2025-06-15_05:48:58.861,1,1,1,1,2.2250,2.2250,2.2250,2.2250,2.2200,0.0000,2.2200,2.2200,-10.2400,-10.2400,-10.2400,-10.2400,-10.2400,-10.2400,-10.2400,-10.2400
2025-06-15_05:48:59.867,1,1,1,1,2.2200,2.2250,2.2250,2.2250,2.2200,0.0000,2.2200,2.2200,-10.2400,-10.2400,-10.2400,-10.2400,-10.2400,-10.2400,-10.2400,-10.2400
2025-06-15_05:49:00.871,1,1,1,1,2.2250,2.2250,2.2250,2.2250,2.2200,0.0000,2.2200,2.2200,-10.2400,-10.2400,-10.2400,-10.2400,-10.2400,-10.2400,-10.2400,-10.2400
2025-06-15_05:49:01.875,1,1,1,1,2.2250,2.2250,2.2250,2.2250,2.2200,0.0000,2.2200,2.2200,-10.2400,-10.2400,-10.2400,-10.2400,-10.2400,-10.2400,-10.2400,-10.2400
2025-06-15_05:49:02.878,1,1,1,1,2.2200,2.2250,2.2250,2.2250,2.2200,0.0000,2.2200,2.2200,-10.2400,-10.2400,-10.2400,-10.2400,-10.2400,-10.2400,-10.2400,-10.2400
2025-06-15_05:49:03.883,1,1,1,1,2.2250,2.2250,2.2250,2.2250,2.2200,0.0000,2.2200,2.2200,-10.2400,-10.2400,-10.2400,-10.2400,-10.2400,-10.2400,-10.2400,-10.2400
2025-06-15_05:49:04.888,1,1,1,1,2.2250,2.2250,2.2250,2.2250,2.2200,0.0000,2.2200,2.2200,-10.2400,-10.2400,-10.2400,-10.2400,-10.2400,-10.2400,-10.2400,-10.2400
2025-06-15_05:49:05.892,1,1,1,1,2.2200,2.2250,2.2250,2.2250,2.2200,0.0000,2.2200,2.2200,-10.2400,-10.2400,-10.2400,-10.2400,-10.2400,-10.2400,-10.2400,-10.2400
2025-06-15_05:49:06.895,1,1,1,1,2.2200,2.2250,2.2250,2.2250,2.2200,0.0000,2.2200,2.2200,-10.2400,-10.2400,-10.2400,-10.2400,-10.2400,-10.2400,-10.2400,-10.2400
2025-06-15_05:49:07.899,1,1,1,1,2.2250,2.2250,2.2250,2.2250,2.2200,0.0000,2.2200,2.2200,-10.2400,-10.2400,-10.2400,-10.2400,-10.2400,-10.2400,-10.2400,-10.2400
2025-06-15_05:49:08.904,1,1,1,1,2.2200,2.2250,2.2250,2.2250,2.2200,0.0000,2.2200,2.2200,-10.2400,-10.2400,-10.2400,-10.2400,-10.2400,-10.2400,-10.2400,-10.2400
2025-06-15_05:49:09.909,1,1,1,1,2.2200,2.2250,2.2250,2.2250,2.2200,0.0000,2.2200,2.2200,-10.2400,-10.2400,-10.2400,-10.2400,-10.2400,-10.2400,-10.2400,-10.2400
2025-06-15_05:49:10.913,1,1,1,1,2.2250,2.2250,2.2250,2.2250,2.2200,0.0000,2.2200,2.2200,-10.2400,-10.2400,-10.2400,-10.2400,-10.2400,-10.2400,-10.2400,-10.2400
2025-06-15_05:49:11.917,1,1,1,1,2.2200,2.2250,2.2250,2.2250,2.2200,0.0000,2.2200,2.2200,-10.2400,-10.2400,-10.2400,-10.2400,-10.2400,-10.2400,-10.2400,-10.2400
2025-06-15_05:49:12.921,1,1,1,1,2.2200,2.2250,2.2250,2.2250,2.2200,0.0000,2.2200,2.2200,-10.2400,-10.2400,-10.2400,-10.2400,-10.2400,-10.2400,-10.2400,-10.2400
2025-06-15_05:49:13.926,1,1,1,1,2.2200,2.2250,2.2250,2.2250,2.2200,0.0000,2.2200,2.2200,-10.2400,-10.2400,-10.2400,-10.2400,-10.2400,-10.2400,-10.2400,-10.2400
2025-06-15_05:49:14.931,1,1,1,1,2.2200,2.2250,2.2250,2.2250,2.2200,0.0000,2.2200,2.2200,-10.2400,-10.2400,-10.2400,-10.2400,-10.2400,-10.2400,-10.2400,-10.2400
2025-06-15_05:49:15.935,1,1,1,1,2.2200,2.2250,2.2250,2.2250,2.2200,0.0000,2.2200,2.2200,-10.2400,-10.2400,-10.2400,-10.2400,-10.2400,-10.2400,-10.2400,-10.2400
2025-06-15_05:49:16.939,1,1,1,1,2.2250,2.2250,2.2250,2.2250,2.2200,0.0000,2.2200,2.2200,-10.2400,-10.2400,-10.2400,-10.2400,-10.2400,-10.2400,-10.2400,-10.2400
2025-06-15_05:49:17.943,1,1,1,1,2.2250,2.2250,2.2250,2.2250,2.2200,0.0000,2.2200,2.2200,-10.2400,-10.2400,-10.2400,-10.2400,-10.2400,-10.2400,-10.2400,-10.2400
2025-06-15_05:49:18.949,1,1,1,1,2.2250,2.2250,2.2250,2.2250,2.2200,0.0000,2.2200,2.2200,-10.2400,-10.2400,-10.2400,-10.2400,-10.2400,-10.2400,-10.2400,-10.2400
2025-06-15_05:49:19.954,1,1,1,1,2.2250,2.2250,2.2250,2.2250,2.2200,0.0000,2.2200,2.2200,-10.2400,-10.2400,-10.2400,-10.2400,-10.2400,-10.2400,-10.2400,-10.2400
2025-06-15_05:49:20.957,1,1,1,1,2.2250,2.2250,2.2250,2.2250,2.2200,0.0000,2.2200,2.2200,-10.2400,-10.2400,-10.2400,-10.2400,-10.2400,-10.2400,-10.2400,-10.2400
2025-06-15_05:49:21.962,1,1,1,1,2.2250,2.2250,2.2250,2.2250,2.2200,0.0000,2.2200,2.2200,-10.2400,-10.2400,-10.2400,-10.2400,-10.2400,-10.2400,-10.2400,-10.2400
2025-06-15_05:49:22.966,1,1,1,1,2.2250,2.2250,2.2250,2.2250,2.2200,0.0000,2.2200,2.2200,-10.2400,-10.2400,-10.2400,-10.2400,-10.2400,-10.2400,-10.2400,-10.2400
2025-06-15_05:49:23.969,1,1,1,1,2.2250,2.2250,2.2250,2.2250,2.2200,0.0000,2.2200,2.2200,-10.2400,-10.2400,-10.2400,-10.2400,-10.2400,-10.2400,-10.2400,-10.2400
2025-06-15_05:49:24.973,1,1,1,1,2.2250,2.2250,2.2250,2.2250,2.2200,0.0000,2.2200,2.2200,-10.2400,-10.2400,-10.2400,-10.2400,-10.2400,-10.2400,-10.2400,-10.2400
2025-06-15_05:49:25.977,1,1,1,1,2.2250,2.2250,2.2250,2.2250,2.2200,0.0000,2.2200,2.2200,-10.2400,-10.2400,-10.2400,-10.2400,-10.2400,-10.2400,-10.2400,-10.2400
2025-06-15_05:49:26.981,1,1,1,1,2.2250,2.2250,2.2200,2.2250,2.2200,0.0000,2.2200,2.2200,-10.2400,-10.2400,-10.2400,-10.2400,-10.2400,-10.2400,-10.2400,-10.2400
2025-06-15_05:49:27.984,1,1,1,1,2.2250,2.2250,2.2250,2.2250,2.2200,0.0000,2.2200,2.2200,-10.2400,-10.2400,-10.2400,-10.2400,-10.2400,-10.2400,-10.2400,-10.2400
2025-06-15_05:49:28.994,1,1,1,1,2.2250,2.2250,2.2250,2.2250,2.2200,0.0000,2.2200,2.2200,-10.2400,-10.2400,-10.2400,-10.2400,-10.2400,-10.2400,-10.2400,-10.2400
2025-06-15_05:49:29.999,1,1,1,1,2.2200,2.2250,2.2250,2.2250,2.2200,0.0000,2.2200,2.2200,-10.2400,-10.2400,-10.2400,-10.2400,-10.2400,-10.2400,-10.2400,-10.2400
2025-06-15_05:49:31.003,1,1,1,1,2.2250,2.2250,2.2250,2.2250,2.2200,0.0000,2.2200,2.2200,-10.2400,-10.2400,-10.2400,-10.2400,-10.2400,-10.2400,-10.2400,-10.2400
2025-06-15_05:49:32.009,1,1,1,1,2.2250,2.2250,2.2250,2.2250,2.2200,0.0000,2.2200,2.2200,-10.2400,-10.2400,-10.2400,-10.2400,-10.2400,-10.2400,-10.2400,-10.2400
2025-06-15_05:49:33.013,1,1,1,1,2.2250,2.2250,2.2250,2.2250,2.2200,0.0000,2.2200,2.2200,-10.2400,-10.2400,-10.2400,-10.2400,-10.2400,-10.2400,-10.2400,-10.2400
2025-06-15_05:49:34.018,1,1,1,1,2.2200,2.2250,2.2250,2.2250,2.2200,0.0000,2.2200,2.2200,-10.2400,-10.2400,-10.2400,-10.2400,-10.2400,-10.2400,-10.2400,-10.2400
2025-06-15_05:49:35.023,1,1,1,1,2.2250,2.2250,2.2250,2.2250,2.2200,0.0000,2.2200,2.2200,-10.2400,-10.2400,-10.2400,-10.2400,-10.2400,-10.2400,-10.2400,-10.2400
2025-06-15_05:49:36.026,1,1,1,1,2.2250,2.2250,2.2250,2.2250,2.2200,0.0000,2.2200,2.2200,-10.2400,-10.2400,-10.2400,-10.2400,-10.2400,-10.2400,-10.2400,-10.2400
2025-06-15_05:49:37.031,1,1,1,1,2.2250,2.2250,2.2250,2.2250,2.2200,0.0000,2.2200,2.2200,-10.2400,-10.2400,-10.2400,-10.2400,-10.2400,-10.2400,-10.2400,-10.2400
2025-06-15_05:49:38.034,1,1,1,1,2.2250,2.2250,2.2250,2.2250,2.2200,0.0000,2.2200,2.2200,-10.2400,-10.2400,-10.2400,-10.2400,-10.2400,-10.2400,-10.2400,-10.2400
2025-06-15_05:49:39.037,1,1,1,1,2.2250,2.2250,2.2250,2.2250,2.2200,0.0000,2.2200,2.2200,-10.2400,-10.2400,-10.2400,-10.2400,-10.2400,-10.2400,-10.2400,-10.2400
2025-06-15_05:49:40.041,1,1,1,1,2.2250,2.2250,2.2250,2.2250,2.2200,0.0000,2.2200,2.2200,-10.2400,-10.2400,-10.2400,-10.2400,-10.2400,-10.2400,-10.2400,-10.2400
2025-06-15_05:49:41.044,1,1,1,1,2.2250,2.2250,2.2250,2.2250,2.2200,0.0000,2.2200,2.2200,-10.2400,-10.2400,-10.2400,-10.2400,-10.2400,-10.2400,-10.2400,-10.2400
2025-06-15_05:49:42.048,1,1,1,1,2.2250,2.2250,2.2250,2.2250,2.2200,0.0000,2.2200,2.2200,-10.2400,-10.2400,-10.2400,-10.2400,-10.2400,-10.2400,-10.2400,-10.2400
2025-06-15_05:49:43.052,1,1,1,1,2.2200,2.2250,2.2250,2.2250,2.2200,0.0000,2.2200,2.2200,-10.2400,-10.2400,-10.2400,-10.2400,-10.2400,-10.2400,-10.2400,-10.2400
2025-06-15_05:49:44.057,1,1,1,1,2.2250,2.2250,2.2250,2.2250,2.2200,0.0000,2.2200,2.2200,-10.2400,-10.2400,-10.2400,-10.2400,-10.2400,-10.2400,-10.2400,-10.2400
2025-06-15_05:49:45.060,1,1,1,1,2.2200,2.2250,2.2250,2.2250,2.2200,0.0000,2.2200,2.2200,-10.2400,-10.2400,-10.2400,-10.2400,-10.2400,-10.2400,-10.2400,-10.2400
2025-06-15_05:49:46.065,1,1,1,1,2.2200,2.2250,2.2250,2.2250,2.2200,0.0000,2.2200,2.2200,-10.2400,-10.2400,-10.2400,-10.2400,-10.2400,-10.2400,-10.2400,-10.2400
2025-06-15_05:49:47.070,1,1,1,1,2.2250,2.2250,2.2200,2.2250,2.2200,0.0000,2.2200,2.2200,-10.2400,-10.2400,-10.2400,-10.2400,-10.2400,-10.2400,-10.2400,-10.2400
2025-06-15_05:49:48.075,1,1,1,1,2.2200,2.2250,2.2250,2.2250,2.2200,0.0000,2.2200,2.2200,-10.2400,-10.2400,-10.2400,-10.2400,-10.2400,-10.2400,-10.2400,-10.2400
2025-06-15_05:49:49.079,1,1,1,1,2.2200,2.2250,2.2200,2.2250,2.2200,0.0000,2.2200,2.2200,-10.2400,-10.2400,-10.2400,-10.2400,-10.2400,-10.2400,-10.2400,-10.2400
2025-06-15_05:49:50.083,1,1,1,1,2.2250,2.2250,2.2250,2.2250,2.2200,0.0000,2.2200,2.2200,-10.2400,-10.2400,-10.2400,-10.2400,-10.2400,-10.2400,-10.2400,-10.2400
2025-06-15_05:49:51.087,1,1,1,1,2.2250,2.2250,2.2250,2.2250,2.2200,0.0000,2.2200,2.2200,-10.2400,-10.2400,-10.2400,-10.2400,-10.2400,-10.2400,-10.2400,-10.2400
2025-06-15_05:49:52.092,1,1,1,1,2.2200,2.2250,2.2250,2.2250,2.2200,0.0000,2.2200,2.2200,-10.2400,-10.2400,-10.2400,-10.2400,-10.2400,-10.2400,-10.2400,-10.2400
2025-06-15_05:49:53.097,1,1,1,1,2.2200,2.2250,2.2250,2.2250,2.2200,0.0000,2.2200,2.2200,-10.2400,-10.2400,-10.2400,-10.2400,-10.2400,-10.2400,-10.2400,-10.2400
2025-06-15_05:49:54.102,1,1,1,1,2.2250,2.2250,2.2250,2.2250,2.2200,0.0000,2.2200,2.2200,-10.2400,-10.2400,-10.2400,-10.2400,-10.2400,-10.2400,-10.2400,-10.2400
2025-06-15_05:49:55.106,1,1,1,1,2.2250,2.2250,2.2250,2.2250,2.2200,0.0000,2.2200,2.2200,-10.2400,-10.2400,-10.2400,-10.2400,-10.2400,-10.2400,-10.2400,-10.2400
2025-06-15_05:49:56.111,1,1,1,1,2.2250,2.2250,2.2250,2.2250,2.2200,0.0000,2.2200,2.2200,-10.2400,-10.2400,-10.2400,-10.2400,-10.2400,-10.2400,-10.2400,-10.2400
2025-06-15_05:49:57.115,1,1,1,1,2.2250,2.2250,2.2250,2.2250,2.2200,0.0000,2.2200,2.2200,-10.2400,-10.2400,-10.2400,-10.2400,-10.2400,-10.2400,-10.2400,-10.2400
2025-06-15_05:49:58.120,1,1,1,1,2.2250,2.2250,2.2250,2.2250,2.2200,0.0000,2.2200,2.2200,-10.2400,-10.2400,-10.2400,-10.2400,-10.2400,-10.2400,-10.2400,-10.2400
2025-06-15_05:49:59.123,1,1,1,1,2.2200,2.2250,2.2250,2.2250,2.2200,0.0000,2.2200,2.2200,-10.2400,-10.2400,-10.2400,-10.2400,-10.2400,-10.2400,-10.2400,-10.2400
2025-06-15_05:50:00.127,1,1,1,1,2.2200,2.2250,2.2250,2.2250,2.2200,0.0000,2.2200,2.2200,-10.2400,-10.2400,-10.2400,-10.2400,-10.2400,-10.2400,-10.2400,-10.2400
2025-06-15_05:50:01.130,1,1,1,1,2.2250,2.2250,2.2250,2.2250,2.2200,0.0000,2.2200,2.2200,-10.2400,-10.2400,-10.2400,-10.2400,-10.2400,-10.2400,-10.2400,-10.2400
2025-06-15_05:50:02.135,1,1,1,1,2.2250,2.2250,2.2250,2.2250,2.2200,0.0000,2.2200,2.2200,-10.2400,-10.2400,-10.2400,-10.2400,-10.2400,-10.2400,-10.2400,-10.2400
2025-06-15_05:50:03.139,1,1,1,1,2.2250,2.2250,2.2250,2.2250,2.2200,0.0000,2.2200,2.2200,-10.2400,-10.2400,-10.2400,-10.2400,-10.2400,-10.2400,-10.2400,-10.2400
2025-06-15_05:50:04.143,1,1,1,1,2.2250,2.2250,2.2250,2.2250,2.2200,0.0000,2.2200,2.2200,-10.2400,-10.2400,-10.2400,-10.2400,-10.2400,-10.2400,-10.2400,-10.2400
2025-06-15_05:50:05.147,1,1,1,1,2.2200,2.2250,2.2250,2.2250,2.2200,0.0000,2.2200,2.2200,-10.2400,-10.2400,-10.2400,-10.2400,-10.2400,-10.2400,-10.2400,-10.2400
2025-06-15_05:50:06.151,1,1,1,1,2.2250,2.2250,2.2250,2.2250,2.2200,0.0000,2.2200,2.2200,-10.2400,-10.2400,-10.2400,-10.2400,-10.2400,-10.2400,-10.2400,-10.2400
2025-06-15_05:50:07.155,1,1,1,1,2.2250,2.2250,2.2250,2.2250,2.2200,0.0000,2.2200,2.2200,-10.2400,-10.2400,-10.2400,-10.2400,-10.2400,-10.2400,-10.2400,-10.2400
2025-06-15_05:50:08.160,1,1,1,1,2.2200,2.2250,2.2250,2.2250,2.2200,0.0000,2.2200,2.2200,-10.2400,-10.2400,-10.2400,-10.2400,-10.2400,-10.2400,-10.2400,-10.2400
2025-06-15_05:50:09.164,1,1,1,1,2.2250,2.2250,2.2250,2.2250,2.2200,0.0000,2.2200,2.2200,-10.2400,-10.2400,-10.2400,-10.2400,-10.2400,-10.2400,-10.2400,-10.2400
2025-06-15_05:50:10.168,1,1,1,1,2.2250,2.2250,2.2250,2.2250,2.2200,0.0000,2.2200,2.2200,-10.2400,-10.2400,-10.2400,-10.2400,-10.2400,-10.2400,-10.2400,-10.2400
2025-06-15_05:50:11.172,1,1,1,1,2.2250,2.2250,2.2250,2.2250,2.2200,0.0000,2.2200,2.2200,-10.2400,-10.2400,-10.2400,-10.2400,-10.2400,-10.2400,-10.2400,-10.2400
2025-06-15_05:50:12.176,1,1,1,1,2.2250,2.2250,2.2250,2.2250,2.2200,0.0000,2.2200,2.2200,-10.2400,-10.2400,-10.2400,-10.2400,-10.2400,-10.2400,-10.2400,-10.2400
2025-06-15_05:50:13.179,1,1,1,1,2.2250,2.2250,2.2250,2.2250,2.2200,0.0000,2.2200,2.2200,-10.2400,-10.2400,-10.2400,-10.2400,-10.2400,-10.2400,-10.2400,-10.2400
2025-06-15_05:50:14.184,1,1,1,1,2.2200,2.2250,2.2250,2.2250,2.2200,0.0000,2.2200,2.2200,-10.2400,-10.2400,-10.2400,-10.2400,-10.2400,-10.2400,-10.2400,-10.2400
2025-06-15_05:50:15.188,1,1,1,1,2.2250,2.2250,2.2250,2.2250,2.2200,0.0000,2.2200,2.2200,-10.2400,-10.2400,-10.2400,-10.2400,-10.2400,-10.2400,-10.2400,-10.2400
2025-06-15_05:50:16.192,1,1,1,1,2.2200,2.2250,2.2250,2.2250,2.2200,0.0000,2.2200,2.2200,-10.2400,-10.2400,-10.2400,-10.2400,-10.2400,-10.2400,-10.2400,-10.2400
2025-06-15_05:50:17.197,1,1,1,1,2.2200,2.2250,2.2250,2.2250,2.2200,0.0000,2.2200,2.2200,-10.2400,-10.2400,-10.2400,-10.2400,-10.2400,-10.2400,-10.2400,-10.2400
2025-06-15_05:50:18.204,1,1,1,1,2.2250,2.2250,2.2250,2.2250,2.2200,0.0000,2.2200,2.2200,-10.2400,-10.2400,-10.2400,-10.2400,-10.2400,-10.2400,-10.2400,-10.2400
2025-06-15_05:50:19.209,1,1,1,1,2.2250,2.2250,2.2250,2.2250,2.2200,0.0000,2.2200,2.2200,-10.2400,-10.2400,-10.2400,-10.2400,-10.2400,-10.2400,-10.2400,-10.2400
2025-06-15_05:50:20.214,1,1,1,1,2.2250,2.2250,2.2250,2.2250,2.2200,0.0000,2.2200,2.2200,-10.2400,-10.2400,-10.2400,-10.2400,-10.2400,-10.2400,-10.2400,-10.2400
2025-06-15_05:50:21.217,1,1,1,1,2.2250,2.2250,2.2250,2.2250,2.2200,0.0000,2.2200,2.2200,-10.2400,-10.2400,-10.2400,-10.2400,-10.2400,-10.2400,-10.2400,-10.2400
2025-06-15_05:50:22.221,1,1,1,1,2.2250,2.2250,2.2250,2.2250,2.2200,0.0000,2.2200,2.2200,-10.2400,-10.2400,-10.2400,-10.2400,-10.2400,-10.2400,-10.2400,-10.2400
2025-06-15_05:50:23.225,1,1,1,1,2.2250,2.2250,2.2250,2.2250,2.2200,0.0000,2.2200,2.2200,-10.2400,-10.2400,-10.2400,-10.2400,-10.2400,-10.2400,-10.2400,-10.2400
2025-06-15_05:50:24.229,1,1,1,1,2.2250,2.2250,2.2250,2.2250,2.2200,0.0000,2.2200,2.2200,-10.2400,-10.2400,-10.2400,-10.2400,-10.2400,-10.2400,-10.2400,-10.2400
2025-06-15_05:50:25.233,1,1,1,1,2.2250,2.2250,2.2250,2.2250,2.2200,0.0000,2.2200,2.2200,-10.2400,-10.2400,-10.2400,-10.2400,-10.2400,-10.2400,-10.2400,-10.2400
2025-06-15_05:50:26.238,1,1,1,1,2.2200,2.2250,2.2250,2.2250,2.2200,0.0000,2.2200,2.2200,-10.2400,-10.2400,-10.2400,-10.2400,-10.2400,-10.2400,-10.2400,-10.2400
2025-06-15_05:50:27.242,1,1,1,1,2.2250,2.2250,2.2250,2.2250,2.2200,0.0000,2.2200,2.2200,-10.2400,-10.2400,-10.2400,-10.2400,-10.2400,-10.2400,-10.2400,-10.2400
2025-06-15_05:50:28.246,1,1,1,1,2.2200,2.2250,2.2250,2.2250,2.2200,0.0000,2.2200,2.2200,-10.2400,-10.2400,-10.2400,-10.2400,-10.2400,-10.2400,-10.2400,-10.2400
2025-06-15_05:50:29.250,1,1,1,1,2.2250,2.2250,2.2250,2.2250,2.2200,0.0000,2.2200,2.2200,-10.2400,-10.2400,-10.2400,-10.2400,-10.2400,-10.2400,-10.2400,-10.2400
2025-06-15_05:50:30.254,1,1,1,1,2.2250,2.2250,2.2250,2.2250,2.2200,0.0000,2.2200,2.2200,-10.2400,-10.2400,-10.2400,-10.2400,-10.2400,-10.2400,-10.2400,-10.2400
2025-06-15_05:50:31.258,1,1,1,1,2.2250,2.2250,2.2250,2.2250,2.2200,0.0000,2.2200,2.2200,-10.2400,-10.2400,-10.2400,-10.2400,-10.2400,-10.2400,-10.2400,-10.2400
2025-06-15_05:50:32.261,1,1,1,1,2.2250,2.2250,2.2250,2.2250,2.2200,0.0000,2.2200,2.2200,-10.2400,-10.2400,-10.2400,-10.2400,-10.2400,-10.2400,-10.2400,-10.2400
2025-06-15_05:50:33.266,1,1,1,1,2.2200,2.2250,2.2250,2.2250,2.2200,0.0000,2.2200,2.2200,-10.2400,-10.2400,-10.2400,-10.2400,-10.2400,-10.2400,-10.2400,-10.2400
2025-06-15_05:50:34.270,1,1,1,1,2.2200,2.2250,2.2250,2.2250,2.2200,0.0000,2.2200,2.2200,-10.2400,-10.2400,-10.2400,-10.2400,-10.2400,-10.2400,-10.2400,-10.2400
2025-06-15_05:50:35.275,1,1,1,1,2.2250,2.2250,2.2250,2.2250,2.2200,0.0000,2.2200,2.2200,-10.2400,-10.2400,-10.2400,-10.2400,-10.2400,-10.2400,-10.2400,-10.2400
2025-06-15_05:50:36.279,1,1,1,1,2.2250,2.2250,2.2250,2.2250,2.2200,0.0000,2.2200,2.2200,-10.2400,-10.2400,-10.2400,-10.2400,-10.2400,-10.2400,-10.2400,-10.2400
2025-06-15_05:50:37.283,1,1,1,1,2.2250,2.2250,2.2250,2.2250,2.2200,0.0000,2.2200,2.2200,-10.2400,-10.2400,-10.2400,-10.2400,-10.2400,-10.2400,-10.2400,-10.2400
2025-06-15_05:50:38.288,1,1,1,1,2.2250,2.2250,2.2250,2.2250,2.2200,0.0000,2.2200,2.2200,-10.2400,-10.2400,-10.2400,-10.2400,-10.2400,-10.2400,-10.2400,-10.2400
2025-06-15_05:50:39.291,1,1,1,1,2.2250,2.2250,2.2250,2.2250,2.2200,0.0000,2.2200,2.2200,-10.2400,-10.2400,-10.2400,-10.2400,-10.2400,-10.2400,-10.2400,-10.2400
2025-06-15_05:50:40.296,1,1,1,1,2.2250,2.2250,2.2250,2.2250,2.2200,0.0000,2.2200,2.2200,-10.2400,-10.2400,-10.2400,-10.2400,-10.2400,-10.2400,-10.2400,-10.2400
2025-06-15_05:50:41.301,1,1,1,1,2.2200,2.2250,2.2250,2.2250,2.2200,0.0000,2.2200,2.2200,-10.2400,-10.2400,-10.2400,-10.2400,-10.2400,-10.2400,-10.2400,-10.2400
2025-06-15_05:50:42.305,1,1,1,1,2.2200,2.2250,2.2250,2.2250,2.2200,0.0000,2.2200,2.2200,-10.2400,-10.2400,-10.2400,-10.2400,-10.2400,-10.2400,-10.2400,-10.2400
2025-06-15_05:50:43.308,1,1,1,1,2.2200,2.2250,2.2250,2.2250,2.2200,0.0000,2.2200,2.2200,-10.2400,-10.2400,-10.2400,-10.2400,-10.2400,-10.2400,-10.2400,-10.2400
2025-06-15_05:50:44.313,1,1,1,1,2.2200,2.2250,2.2250,2.2250,2.2200,0.0000,2.2200,2.2200,-10.2400,-10.2400,-10.2400,-10.2400,-10.2400,-10.2400,-10.2400,-10.2400
2025-06-15_05:50:45.318,1,1,1,1,2.2250,2.2250,2.2250,2.2250,2.2200,0.0000,2.2200,2.2200,-10.2400,-10.2400,-10.2400,-10.2400,-10.2400,-10.2400,-10.2400,-10.2400
2025-06-15_05:50:46.323,1,1,1,1,2.2200,2.2250,2.2250,2.2250,2.2200,0.0000,2.2200,2.2200,-10.2400,-10.2400,-10.2400,-10.2400,-10.2400,-10.2400,-10.2400,-10.2400
2025-06-15_05:50:47.327,1,1,1,1,2.2250,2.2250,2.2250,2.2250,2.2200,0.0000,2.2200,2.2200,-10.2400,-10.2400,-10.2400,-10.2400,-10.2400,-10.2400,-10.2400,-10.2400
2025-06-15_05:50:48.331,1,1,1,1,2.2200,2.2250,2.2250,2.2250,2.2200,0.0000,2.2200,2.2200,-10.2400,-10.2400,-10.2400,-10.2400,-10.2400,-10.2400,-10.2400,-10.2400
2025-06-15_05:50:49.336,1,1,1,1,2.2200,2.2250,2.2250,2.2250,2.2200,0.0000,2.2200,2.2200,-10.2400,-10.2400,-10.2400,-10.2400,-10.2400,-10.2400,-10.2400,-10.2400
2025-06-15_05:50:50.340,1,1,1,1,2.2200,2.2250,2.2250,2.2250,2.2200,0.0000,2.2200,2.2200,-10.2400,-10.2400,-10.2400,-10.2400,-10.2400,-10.2400,-10.2400,-10.2400
2025-06-15_05:50:51.344,1,1,1,1,2.2250,2.2250,2.2250,2.2250,2.2200,0.0000,2.2200,2.2200,-10.2400,-10.2400,-10.2400,-10.2400,-10.2400,-10.2400,-10.2400,-10.2400
2025-06-15_05:50:52.348,1,1,1,1,2.2200,2.2250,2.2250,2.2250,2.2200,0.0000,2.2200,2.2200,-10.2400,-10.2400,-10.2400,-10.2400,-10.2400,-10.2400,-10.2400,-10.2400
2025-06-15_05:50:53.353,1,1,1,1,2.2250,2.2250,2.2250,2.2250,2.2200,0.0000,2.2200,2.2200,-10.2400,-10.2400,-10.2400,-10.2400,-10.2400,-10.2400,-10.2400,-10.2400
2025-06-15_05:50:54.358,1,1,1,1,2.2250,2.2250,2.2250,2.2250,2.2200,0.0000,2.2200,2.2200,-10.2400,-10.2400,-10.2400,-10.2400,-10.2400,-10.2400,-10.2400,-10.2400
2025-06-15_05:50:55.363,1,1,1,1,2.2200,2.2250,2.2250,2.2250,2.2200,0.0000,2.2200,2.2200,-10.2400,-10.2400,-10.2400,-10.2400,-10.2400,-10.2400,-10.2400,-10.2400
2025-06-15_05:50:56.367,1,1,1,1,2.2250,2.2250,2.2250,2.2250,2.2200,0.0000,2.2200,2.2200,-10.2400,-10.2400,-10.2400,-10.2400,-10.2400,-10.2400,-10.2400,-10.2400
2025-06-15_05:50:57.371,1,1,1,1,2.2250,2.2250,2.2250,2.2250,2.2200,0.0000,2.2200,2.2200,-10.2400,-10.2400,-10.2400,-10.2400,-10.2400,-10.2400,-10.2400,-10.2400
2025-06-15_05:50:58.376,1,1,1,1,2.2250,2.2250,2.2250,2.2250,2.2200,0.0000,2.2200,2.2200,-10.2400,-10.2400,-10.2400,-10.2400,-10.2400,-10.2400,-10.2400,-10.2400
2025-06-15_05:50:59.380,1,1,1,1,2.2200,2.2250,2.2250,2.2250,2.2200,0.0000,2.2200,2.2200,-10.2400,-10.2400,-10.2400,-10.2400,-10.2400,-10.2400,-10.2400,-10.2400
2025-06-15_05:51:00.384,1,1,1,1,2.2250,2.2250,2.2250,2.2250,2.2200,0.0000,2.2200,2.2200,-10.2400,-10.2400,-10.2400,-10.2400,-10.2400,-10.2400,-10.2400,-10.2400
2025-06-15_05:51:01.388,1,1,1,1,2.2250,2.2250,2.2250,2.2250,2.2200,0.0000,2.2200,2.2200,-10.2400,-10.2400,-10.2400,-10.2400,-10.2400,-10.2400,-10.2400,-10.2400
2025-06-15_05:51:02.392,1,1,1,1,2.2200,2.2250,2.2250,2.2250,2.2200,0.0000,2.2200,2.2200,-10.2400,-10.2400,-10.2400,-10.2400,-10.2400,-10.2400,-10.2400,-10.2400
2025-06-15_05:51:03.397,1,1,1,1,2.2250,2.2250,2.2250,2.2250,2.2200,0.0000,2.2200,2.2200,-10.2400,-10.2400,-10.2400,-10.2400,-10.2400,-10.2400,-10.2400,-10.2400
2025-06-15_05:51:04.401,1,1,1,1,2.2250,2.2250,2.2250,2.2250,2.2200,0.0000,2.2200,2.2200,-10.2400,-10.2400,-10.2400,-10.2400,-10.2400,-10.2400,-10.2400,-10.2400
2025-06-15_05:51:05.406,1,1,1,1,2.2250,2.2250,2.2250,2.2250,2.2200,0.0000,2.2200,2.2200,-10.2400,-10.2400,-10.2400,-10.2400,-10.2400,-10.2400,-10.2400,-10.2400
2025-06-15_05:51:06.411,1,1,1,1,2.2250,2.2250,2.2250,2.2250,2.2200,0.0000,2.2200,2.2200,-10.2400,-10.2400,-10.2400,-10.2400,-10.2400,-10.2400,-10.2400,-10.2400
2025-06-15_05:51:07.414,1,1,1,1,2.2200,2.2250,2.2250,2.2250,2.2200,0.0000,2.2200,2.2200,-10.2400,-10.2400,-10.2400,-10.2400,-10.2400,-10.2400,-10.2400,-10.2400
2025-06-15_05:51:08.420,1,1,1,1,2.2250,2.2250,2.2250,2.2250,2.2200,0.0000,2.2200,2.2200,-10.2400,-10.2400,-10.2400,-10.2400,-10.2400,-10.2400,-10.2400,-10.2400
2025-06-15_05:51:09.424,1,1,1,1,2.2250,2.2250,2.2250,2.2250,2.2200,0.0000,2.2200,2.2200,-10.2400,-10.2400,-10.2400,-10.2400,-10.2400,-10.2400,-10.2400,-10.2400
2025-06-15_05:51:10.428,1,1,1,1,2.2250,2.2250,2.2250,2.2250,2.2200,0.0000,2.2200,2.2200,-10.2400,-10.2400,-10.2400,-10.2400,-10.2400,-10.2400,-10.2400,-10.2400
2025-06-15_05:51:11.432,1,1,1,1,2.2250,2.2250,2.2250,2.2250,2.2200,0.0000,2.2200,2.2200,-10.2400,-10.2400,-10.2400,-10.2400,-10.2400,-10.2400,-10.2400,-10.2400
2025-06-15_05:51:12.436,1,1,1,1,2.2250,2.2250,2.2250,2.2250,2.2200,0.0000,2.2200,2.2200,-10.2400,-10.2400,-10.2400,-10.2400,-10.2400,-10.2400,-10.2400,-10.2400
2025-06-15_05:51:13.440,1,1,1,1,2.2250,2.2250,2.2250,2.2250,2.2200,0.0000,2.2200,2.2200,-10.2400,-10.2400,-10.2400,-10.2400,-10.2400,-10.2400,-10.2400,-10.2400
2025-06-15_05:51:14.444,1,1,1,1,2.2250,2.2250,2.2250,2.2250,2.2200,0.0000,2.2200,2.2200,-10.2400,-10.2400,-10.2400,-10.2400,-10.2400,-10.2400,-10.2400,-10.2400
2025-06-15_05:51:15.449,1,1,1,1,2.2250,2.2250,2.2250,2.2250,2.2200,0.0000,2.2200,2.2200,-10.2400,-10.2400,-10.2400,-10.2400,-10.2400,-10.2400,-10.2400,-10.2400
2025-06-15_05:51:16.454,1,1,1,1,2.2250,2.2250,2.2250,2.2250,2.2200,0.0000,2.2200,2.2200,-10.2400,-10.2400,-10.2400,-10.2400,-10.2400,-10.2400,-10.2400,-10.2400
2025-06-15_05:51:17.459,1,1,1,1,2.2250,2.2250,2.2250,2.2250,2.2200,0.0000,2.2200,2.2200,-10.2400,-10.2400,-10.2400,-10.2400,-10.2400,-10.2400,-10.2400,-10.2400
2025-06-15_05:51:18.464,1,1,1,1,2.2200,2.2250,2.2250,2.2250,2.2200,0.0000,2.2200,2.2200,-10.2400,-10.2400,-10.2400,-10.2400,-10.2400,-10.2400,-10.2400,-10.2400
2025-06-15_05:51:19.468,1,1,1,1,2.2250,2.2250,2.2250,2.2250,2.2200,0.0000,2.2200,2.2200,-10.2400,-10.2400,-10.2400,-10.2400,-10.2400,-10.2400,-10.2400,-10.2400
2025-06-15_05:51:20.472,1,1,1,1,2.2250,2.2250,2.2250,2.2250,2.2200,0.0000,2.2200,2.2200,-10.2400,-10.2400,-10.2400,-10.2400,-10.2400,-10.2400,-10.2400,-10.2400
2025-06-15_05:51:21.475,1,1,1,1,2.2200,2.2250,2.2250,2.2250,2.2200,0.0000,2.2200,2.2200,-10.2400,-10.2400,-10.2400,-10.2400,-10.2400,-10.2400,-10.2400,-10.2400
2025-06-15_05:51:22.479,1,1,1,1,2.2250,2.2250,2.2250,2.2250,2.2200,0.0000,2.2200,2.2200,-10.2400,-10.2400,-10.2400,-10.2400,-10.2400,-10.2400,-10.2400,-10.2400
2025-06-15_05:51:23.484,1,1,1,1,2.2250,2.2250,2.2250,2.2250,2.2200,0.0000,2.2200,2.2200,-10.2400,-10.2400,-10.2400,-10.2400,-10.2400,-10.2400,-10.2400,-10.2400
2025-06-15_05:51:24.487,1,1,1,1,2.2250,2.2250,2.2250,2.2250,2.2200,0.0000,2.2200,2.2200,-10.2400,-10.2400,-10.2400,-10.2400,-10.2400,-10.2400,-10.2400,-10.2400
2025-06-15_05:51:25.491,1,1,1,1,2.2250,2.2250,2.2250,2.2250,2.2200,0.0000,2.2200,2.2200,-10.2400,-10.2400,-10.2400,-10.2400,-10.2400,-10.2400,-10.2400,-10.2400
2025-06-15_05:51:26.496,1,1,1,1,2.2200,2.2250,2.2250,2.2250,2.2200,0.0000,2.2200,2.2200,-10.2400,-10.2400,-10.2400,-10.2400,-10.2400,-10.2400,-10.2400,-10.2400
2025-06-15_05:51:27.499,1,1,1,1,2.2200,2.2250,2.2250,2.2250,2.2200,0.0000,2.2200,2.2200,-10.2400,-10.2400,-10.2400,-10.2400,-10.2400,-10.2400,-10.2400,-10.2400
2025-06-15_05:51:28.506,1,1,1,1,2.2200,2.2250,2.2250,2.2250,2.2200,0.0000,2.2200,2.2200,-10.2400,-10.2400,-10.2400,-10.2400,-10.2400,-10.2400,-10.2400,-10.2400
2025-06-15_05:51:29.511,1,1,1,1,2.2250,2.2250,2.2250,2.2250,2.2200,0.0000,2.2200,2.2200,-10.2400,-10.2400,-10.2400,-10.2400,-10.2400,-10.2400,-10.2400,-10.2400
2025-06-15_05:51:30.515,1,1,1,1,2.2250,2.2250,2.2250,2.2250,2.2200,0.0000,2.2200,2.2200,-10.2400,-10.2400,-10.2400,-10.2400,-10.2400,-10.2400,-10.2400,-10.2400
2025-06-15_05:51:31.520,1,1,1,1,2.2250,2.2250,2.2250,2.2250,2.2200,0.0000,2.2200,2.2200,-10.2400,-10.2400,-10.2400,-10.2400,-10.2400,-10.2400,-10.2400,-10.2400
2025-06-15_05:51:32.524,1,1,1,1,2.2250,2.2250,2.2250,2.2250,2.2200,0.0000,2.2200,2.2200,-10.2400,-10.2400,-10.2400,-10.2400,-10.2400,-10.2400,-10.2400,-10.2400
2025-06-15_05:51:33.529,1,1,1,1,2.2200,2.2250,2.2250,2.2250,2.2200,0.0000,2.2200,2.2200,-10.2400,-10.2400,-10.2400,-10.2400,-10.2400,-10.2400,-10.2400,-10.2400
2025-06-15_05:51:34.533,1,1,1,1,2.2250,2.2250,2.2250,2.2250,2.2200,0.0000,2.2200,2.2200,-10.2400,-10.2400,-10.2400,-10.2400,-10.2400,-10.2400,-10.2400,-10.2400
2025-06-15_05:51:35.537,1,1,1,1,2.2200,2.2250,2.2200,2.2250,2.2200,0.0000,2.2200,2.2200,-10.2400,-10.2400,-10.2400,-10.2400,-10.2400,-10.2400,-10.2400,-10.2400
2025-06-15_05:51:36.541,1,1,1,1,2.2250,2.2250,2.2250,2.2250,2.2200,0.0000,2.2200,2.2200,-10.2400,-10.2400,-10.2400,-10.2400,-10.2400,-10.2400,-10.2400,-10.2400
2025-06-15_05:51:37.545,1,1,1,1,2.2250,2.2250,2.2250,2.2250,2.2200,0.0000,2.2200,2.2200,-10.2400,-10.2400,-10.2400,-10.2400,-10.2400,-10.2400,-10.2400,-10.2400
2025-06-15_05:51:38.549,1,1,1,1,2.2250,2.2250,2.2250,2.2250,2.2200,0.0000,2.2200,2.2200,-10.2400,-10.2400,-10.2400,-10.2400,-10.2400,-10.2400,-10.2400,-10.2400
2025-06-15_05:51:39.552,1,1,1,1,2.2250,2.2250,2.2250,2.2250,2.2200,0.0000,2.2200,2.2200,-10.2400,-10.2400,-10.2400,-10.2400,-10.2400,-10.2400,-10.2400,-10.2400
2025-06-15_05:51:40.556,1,1,1,1,2.2250,2.2250,2.2250,2.2250,2.2200,0.0000,2.2200,2.2200,-10.2400,-10.2400,-10.2400,-10.2400,-10.2400,-10.2400,-10.2400,-10.2400
2025-06-15_05:51:41.559,1,1,1,1,2.2250,2.2250,2.2250,2.2250,2.2200,0.0000,2.2200,2.2200,-10.2400,-10.2400,-10.2400,-10.2400,-10.2400,-10.2400,-10.2400,-10.2400
2025-06-15_05:51:42.563,1,1,1,1,2.2250,2.2250,2.2250,2.2250,2.2200,0.0000,2.2200,2.2200,-10.2400,-10.2400,-10.2400,-10.2400,-10.2400,-10.2400,-10.2400,-10.2400
2025-06-15_05:51:43.567,1,1,1,1,2.2250,2.2250,2.2250,2.2250,2.2200,0.0000,2.2200,2.2200,-10.2400,-10.2400,-10.2400,-10.2400,-10.2400,-10.2400,-10.2400,-10.2400
2025-06-15_05:51:44.572,1,1,1,1,2.2200,2.2250,2.2250,2.2250,2.2200,0.0000,2.2200,2.2200,-10.2400,-10.2400,-10.2400,-10.2400,-10.2400,-10.2400,-10.2400,-10.2400
2025-06-15_05:51:45.576,1,1,1,1,2.2250,2.2250,2.2250,2.2250,2.2200,0.0000,2.2200,2.2200,-10.2400,-10.2400,-10.2400,-10.2400,-10.2400,-10.2400,-10.2400,-10.2400
2025-06-15_05:51:46.580,1,1,1,1,2.2200,2.2250,2.2200,2.2250,2.2200,0.0000,2.2200,2.2200,-10.2400,-10.2400,-10.2400,-10.2400,-10.2400,-10.2400,-10.2400,-10.2400
2025-06-15_05:51:47.585,1,1,1,1,2.2250,2.2250,2.2250,2.2250,2.2200,0.0000,2.2200,2.2200,-10.2400,-10.2400,-10.2400,-10.2400,-10.2400,-10.2400,-10.2400,-10.2400
2025-06-15_05:51:48.590,1,1,1,1,2.2250,2.2250,2.2250,2.2250,2.2200,0.0000,2.2200,2.2200,-10.2400,-10.2400,-10.2400,-10.2400,-10.2400,-10.2400,-10.2400,-10.2400
2025-06-15_05:51:49.594,1,1,1,1,2.2200,2.2250,2.2250,2.2250,2.2200,0.0000,2.2200,2.2200,-10.2400,-10.2400,-10.2400,-10.2400,-10.2400,-10.2400,-10.2400,-10.2400
2025-06-15_05:51:50.599,1,1,1,1,2.2200,2.2250,2.2250,2.2250,2.2200,0.0000,2.2200,2.2200,-10.2400,-10.2400,-10.2400,-10.2400,-10.2400,-10.2400,-10.2400,-10.2400
2025-06-15_05:51:51.603,1,1,1,1,2.2200,2.2250,2.2250,2.2250,2.2200,0.0000,2.2200,2.2200,-10.2400,-10.2400,-10.2400,-10.2400,-10.2400,-10.2400,-10.2400,-10.2400
2025-06-15_05:51:52.607,1,1,1,1,2.2250,2.2250,2.2250,2.2250,2.2200,0.0000,2.2200,2.2200,-10.2400,-10.2400,-10.2400,-10.2400,-10.2400,-10.2400,-10.2400,-10.2400
2025-06-15_05:51:53.612,1,1,1,1,2.2250,2.2250,2.2250,2.2250,2.2200,0.0000,2.2200,2.2200,-10.2400,-10.2400,-10.2400,-10.2400,-10.2400,-10.2400,-10.2400,-10.2400
2025-06-15_05:51:54.616,1,1,1,1,2.2200,2.2250,2.2250,2.2250,2.2200,0.0000,2.2200,2.2200,-10.2400,-10.2400,-10.2400,-10.2400,-10.2400,-10.2400,-10.2400,-10.2400
2025-06-15_05:51:55.620,1,1,1,1,2.2250,2.2250,2.2250,2.2250,2.2200,0.0000,2.2200,2.2200,-10.2400,-10.2400,-10.2400,-10.2400,-10.2400,-10.2400,-10.2400,-10.2400
2025-06-15_05:51:56.625,1,1,1,1,2.2250,2.2250,2.2250,2.2250,2.2200,0.0000,2.2200,2.2200,-10.2400,-10.2400,-10.2400,-10.2400,-10.2400,-10.2400,-10.2400,-10.2400
2025-06-15_05:51:57.629,1,1,1,1,2.2250,2.2250,2.2250,2.2250,2.2200,0.0000,2.2200,2.2200,-10.2400,-10.2400,-10.2400,-10.2400,-10.2400,-10.2400,-10.2400,-10.2400
2025-06-15_05:51:58.635,1,1,1,1,2.2250,2.2250,2.2250,2.2250,2.2200,0.0000,2.2200,2.2200,-10.2400,-10.2400,-10.2400,-10.2400,-10.2400,-10.2400,-10.2400,-10.2400
2025-06-15_05:51:59.639,1,1,1,1,2.2200,2.2250,2.2250,2.2250,2.2200,0.0000,2.2200,2.2200,-10.2400,-10.2400,-10.2400,-10.2400,-10.2400,-10.2400,-10.2400,-10.2400
2025-06-15_05:52:00.643,1,1,1,1,2.2200,2.2250,2.2250,2.2250,2.2200,0.0000,2.2200,2.2200,-10.2400,-10.2400,-10.2400,-10.2400,-10.2400,-10.2400,-10.2400,-10.2400
2025-06-15_05:52:01.647,1,1,1,1,2.2250,2.2250,2.2250,2.2250,2.2200,0.0000,2.2200,2.2200,-10.2400,-10.2400,-10.2400,-10.2400,-10.2400,-10.2400,-10.2400,-10.2400
2025-06-15_05:52:02.651,1,1,1,1,2.2250,2.2250,2.2250,2.2250,2.2200,0.0000,2.2200,2.2200,-10.2400,-10.2400,-10.2400,-10.2400,-10.2400,-10.2400,-10.2400,-10.2400
2025-06-15_05:52:03.655,1,1,1,1,2.2250,2.2250,2.2250,2.2250,2.2200,0.0000,2.2200,2.2200,-10.2400,-10.2400,-10.2400,-10.2400,-10.2400,-10.2400,-10.2400,-10.2400
2025-06-15_05:52:04.659,1,1,1,1,2.2200,2.2250,2.2250,2.2250,2.2200,0.0000,2.2200,2.2200,-10.2400,-10.2400,-10.2400,-10.2400,-10.2400,-10.2400,-10.2400,-10.2400
2025-06-15_05:52:05.663,1,1,1,1,2.2250,2.2250,2.2250,2.2250,2.2200,0.0000,2.2200,2.2200,-10.2400,-10.2400,-10.2400,-10.2400,-10.2400,-10.2400,-10.2400,-10.2400
2025-06-15_05:52:06.668,1,1,1,1,2.2250,2.2250,2.2250,2.2250,2.2200,0.0000,2.2200,2.2200,-10.2400,-10.2400,-10.2400,-10.2400,-10.2400,-10.2400,-10.2400,-10.2400
2025-06-15_05:52:07.673,1,1,1,1,2.2250,2.2250,2.2250,2.2250,2.2200,0.0000,2.2200,2.2200,-10.2400,-10.2400,-10.2400,-10.2400,-10.2400,-10.2400,-10.2400,-10.2400
2025-06-15_05:52:08.677,1,1,1,1,2.2250,2.2250,2.2250,2.2250,2.2200,0.0000,2.2200,2.2200,-10.2400,-10.2400,-10.2400,-10.2400,-10.2400,-10.2400,-10.2400,-10.2400
2025-06-15_05:52:09.681,1,1,1,1,2.2200,2.2250,2.2250,2.2250,2.2200,0.0000,2.2200,2.2200,-10.2400,-10.2400,-10.2400,-10.2400,-10.2400,-10.2400,-10.2400,-10.2400
2025-06-15_05:52:10.685,1,1,1,1,2.2250,2.2250,2.2250,2.2250,2.2200,0.0000,2.2200,2.2200,-10.2400,-10.2400,-10.2400,-10.2400,-10.2400,-10.2400,-10.2400,-10.2400
2025-06-15_05:52:11.690,1,1,1,1,2.2250,2.2250,2.2250,2.2250,2.2200,0.0000,2.2200,2.2200,-10.2400,-10.2400,-10.2400,-10.2400,-10.2400,-10.2400,-10.2400,-10.2400
2025-06-15_05:52:12.694,1,1,1,1,2.2250,2.2250,2.2250,2.2250,2.2200,0.0000,2.2200,2.2200,-10.2400,-10.2400,-10.2400,-10.2400,-10.2400,-10.2400,-10.2400,-10.2400
2025-06-15_05:52:13.698,1,1,1,1,2.2200,2.2250,2.2250,2.2250,2.2200,0.0000,2.2200,2.2200,-10.2400,-10.2400,-10.2400,-10.2400,-10.2400,-10.2400,-10.2400,-10.2400
2025-06-15_05:52:14.702,1,1,1,1,2.2250,2.2250,2.2250,2.2250,2.2200,0.0000,2.2200,2.2200,-10.2400,-10.2400,-10.2400,-10.2400,-10.2400,-10.2400,-10.2400,-10.2400
2025-06-15_05:52:15.705,1,1,1,1,2.2200,2.2250,2.2250,2.2250,2.2200,0.0000,2.2200,2.2200,-10.2400,-10.2400,-10.2400,-10.2400,-10.2400,-10.2400,-10.2400,-10.2400
2025-06-15_05:52:16.709,1,1,1,1,2.2250,2.2250,2.2250,2.2250,2.2200,0.0000,2.2200,2.2200,-10.2400,-10.2400,-10.2400,-10.2400,-10.2400,-10.2400,-10.2400,-10.2400
2025-06-15_05:52:17.713,1,1,1,1,2.2250,2.2250,2.2250,2.2250,2.2200,0.0000,2.2200,2.2200,-10.2400,-10.2400,-10.2400,-10.2400,-10.2400,-10.2400,-10.2400,-10.2400
2025-06-15_05:52:18.718,1,1,1,1,2.2250,2.2250,2.2250,2.2250,2.2200,0.0000,2.2200,2.2200,-10.2400,-10.2400,-10.2400,-10.2400,-10.2400,-10.2400,-10.2400,-10.2400
2025-06-15_05:52:19.722,1,1,1,1,2.2250,2.2250,2.2250,2.2250,2.2200,0.0000,2.2200,2.2200,-10.2400,-10.2400,-10.2400,-10.2400,-10.2400,-10.2400,-10.2400,-10.2400
2025-06-15_05:52:20.727,1,1,1,1,2.2250,2.2250,2.2250,2.2250,2.2200,0.0000,2.2200,2.2200,-10.2400,-10.2400,-10.2400,-10.2400,-10.2400,-10.2400,-10.2400,-10.2400
2025-06-15_05:52:21.732,1,1,1,1,2.2250,2.2250,2.2200,2.2250,2.2200,0.0000,2.2200,2.2200,-10.2400,-10.2400,-10.2400,-10.2400,-10.2400,-10.2400,-10.2400,-10.2400
2025-06-15_05:52:22.737,1,1,1,1,2.2250,2.2250,2.2250,2.2250,2.2200,0.0000,2.2200,2.2200,-10.2400,-10.2400,-10.2400,-10.2400,-10.2400,-10.2400,-10.2400,-10.2400
2025-06-15_05:52:23.742,1,1,1,1,2.2250,2.2250,2.2250,2.2250,2.2200,0.0000,2.2200,2.2200,-10.2400,-10.2400,-10.2400,-10.2400,-10.2400,-10.2400,-10.2400,-10.2400
2025-06-15_05:52:24.745,1,1,1,1,2.2250,2.2250,2.2250,2.2250,2.2200,0.0000,2.2200,2.2200,-10.2400,-10.2400,-10.2400,-10.2400,-10.2400,-10.2400,-10.2400,-10.2400
2025-06-15_05:52:25.749,1,1,1,1,2.2200,2.2250,2.2250,2.2250,2.2200,0.0000,2.2200,2.2200,-10.2400,-10.2400,-10.2400,-10.2400,-10.2400,-10.2400,-10.2400,-10.2400
2025-06-15_05:52:26.753,1,1,1,1,2.2200,2.2250,2.2250,2.2250,2.2200,0.0000,2.2200,2.2200,-10.2400,-10.2400,-10.2400,-10.2400,-10.2400,-10.2400,-10.2400,-10.2400
2025-06-15_05:52:27.758,1,1,1,1,2.2250,2.2250,2.2250,2.2250,2.2200,0.0000,2.2200,2.2200,-10.2400,-10.2400,-10.2400,-10.2400,-10.2400,-10.2400,-10.2400,-10.2400
2025-06-15_05:52:28.763,1,1,1,1,2.2250,2.2250,2.2250,2.2250,2.2200,0.0000,2.2200,2.2200,-10.2400,-10.2400,-10.2400,-10.2400,-10.2400,-10.2400,-10.2400,-10.2400
2025-06-15_05:52:29.766,1,1,1,1,2.2250,2.2250,2.2250,2.2250,2.2200,0.0000,2.2200,2.2200,-10.2400,-10.2400,-10.2400,-10.2400,-10.2400,-10.2400,-10.2400,-10.2400
2025-06-15_05:52:30.771,1,1,1,1,2.2250,2.2250,2.2250,2.2250,2.2200,0.0000,2.2200,2.2200,-10.2400,-10.2400,-10.2400,-10.2400,-10.2400,-10.2400,-10.2400,-10.2400
2025-06-15_05:52:31.775,1,1,1,1,2.2250,2.2250,2.2250,2.2250,2.2200,0.0000,2.2200,2.2200,-10.2400,-10.2400,-10.2400,-10.2400,-10.2400,-10.2400,-10.2400,-10.2400
2025-06-15_05:52:32.778,1,1,1,1,2.2250,2.2250,2.2250,2.2250,2.2200,0.0000,2.2200,2.2200,-10.2400,-10.2400,-10.2400,-10.2400,-10.2400,-10.2400,-10.2400,-10.2400
2025-06-15_05:52:33.782,1,1,1,1,2.2250,2.2250,2.2250,2.2250,2.2200,0.0000,2.2200,2.2200,-10.2400,-10.2400,-10.2400,-10.2400,-10.2400,-10.2400,-10.2400,-10.2400
2025-06-15_05:52:34.785,1,1,1,1,2.2250,2.2250,2.2250,2.2250,2.2200,0.0000,2.2200,2.2200,-10.2400,-10.2400,-10.2400,-10.2400,-10.2400,-10.2400,-10.2400,-10.2400
2025-06-15_05:52:35.788,1,1,1,1,2.2250,2.2250,2.2250,2.2250,2.2200,0.0000,2.2200,2.2200,-10.2400,-10.2400,-10.2400,-10.2400,-10.2400,-10.2400,-10.2400,-10.2400
2025-06-15_05:52:36.793,1,1,1,1,2.2250,2.2250,2.2250,2.2250,2.2200,0.0000,2.2200,2.2200,-10.2400,-10.2400,-10.2400,-10.2400,-10.2400,-10.2400,-10.2400,-10.2400
2025-06-15_05:52:37.797,1,1,1,1,2.2200,2.2250,2.2250,2.2250,2.2200,0.0000,2.2200,2.2200,-10.2400,-10.2400,-10.2400,-10.2400,-10.2400,-10.2400,-10.2400,-10.2400
2025-06-15_05:52:38.803,1,1,1,1,2.2200,2.2250,2.2250,2.2250,2.2200,0.0000,2.2200,2.2200,-10.2400,-10.2400,-10.2400,-10.2400,-10.2400,-10.2400,-10.2400,-10.2400
2025-06-15_05:52:39.808,1,1,1,1,2.2250,2.2250,2.2250,2.2250,2.2200,0.0000,2.2200,2.2200,-10.2400,-10.2400,-10.2400,-10.2400,-10.2400,-10.2400,-10.2400,-10.2400
2025-06-15_05:52:40.812,1,1,1,1,2.2200,2.2250,2.2250,2.2250,2.2200,0.0000,2.2200,2.2200,-10.2400,-10.2400,-10.2400,-10.2400,-10.2400,-10.2400,-10.2400,-10.2400
2025-06-15_05:52:41.817,1,1,1,1,2.2200,2.2250,2.2250,2.2250,2.2200,0.0000,2.2200,2.2200,-10.2400,-10.2400,-10.2400,-10.2400,-10.2400,-10.2400,-10.2400,-10.2400
2025-06-15_05:52:42.821,1,1,1,1,2.2250,2.2250,2.2250,2.2250,2.2200,0.0000,2.2200,2.2200,-10.2400,-10.2400,-10.2400,-10.2400,-10.2400,-10.2400,-10.2400,-10.2400
2025-06-15_05:52:43.825,1,1,1,1,2.2200,2.2250,2.2250,2.2250,2.2200,0.0000,2.2200,2.2200,-10.2400,-10.2400,-10.2400,-10.2400,-10.2400,-10.2400,-10.2400,-10.2400
2025-06-15_05:52:44.829,1,1,1,1,2.2250,2.2250,2.2250,2.2250,2.2200,0.0000,2.2200,2.2200,-10.2400,-10.2400,-10.2400,-10.2400,-10.2400,-10.2400,-10.2400,-10.2400
2025-06-15_05:52:45.834,1,1,1,1,2.2250,2.2250,2.2250,2.2250,2.2200,0.0000,2.2200,2.2200,-10.2400,-10.2400,-10.2400,-10.2400,-10.2400,-10.2400,-10.2400,-10.2400
2025-06-15_05:52:46.838,1,1,1,1,2.2250,2.2250,2.2250,2.2250,2.2200,0.0000,2.2200,2.2200,-10.2400,-10.2400,-10.2400,-10.2400,-10.2400,-10.2400,-10.2400,-10.2400
2025-06-15_05:52:47.843,1,1,1,1,2.2250,2.2250,2.2250,2.2250,2.2200,0.0000,2.2200,2.2200,-10.2400,-10.2400,-10.2400,-10.2400,-10.2400,-10.2400,-10.2400,-10.2400
2025-06-15_05:52:48.849,1,1,1,1,2.2200,2.2250,2.2250,2.2250,2.2200,0.0000,2.2200,2.2200,-10.2400,-10.2400,-10.2400,-10.2400,-10.2400,-10.2400,-10.2400,-10.2400
2025-06-15_05:52:49.853,1,1,1,1,2.2200,2.2250,2.2250,2.2250,2.2200,0.0000,2.2200,2.2200,-10.2400,-10.2400,-10.2400,-10.2400,-10.2400,-10.2400,-10.2400,-10.2400
2025-06-15_05:52:50.857,1,1,1,1,2.2200,2.2250,2.2250,2.2250,2.2200,0.0000,2.2200,2.2200,-10.2400,-10.2400,-10.2400,-10.2400,-10.2400,-10.2400,-10.2400,-10.2400
2025-06-15_05:52:51.862,1,1,1,1,2.2200,2.2250,2.2250,2.2250,2.2200,0.0000,2.2200,2.2200,-10.2400,-10.2400,-10.2400,-10.2400,-10.2400,-10.2400,-10.2400,-10.2400
2025-06-15_05:52:52.866,1,1,1,1,2.2250,2.2250,2.2250,2.2250,2.2200,0.0000,2.2200,2.2200,-10.2400,-10.2400,-10.2400,-10.2400,-10.2400,-10.2400,-10.2400,-10.2400
2025-06-15_05:52:53.870,1,1,1,1,2.2250,2.2250,2.2250,2.2250,2.2200,0.0000,2.2200,2.2200,-10.2400,-10.2400,-10.2400,-10.2400,-10.2400,-10.2400,-10.2400,-10.2400
2025-06-15_05:52:54.874,1,1,1,1,2.2200,2.2250,2.2250,2.2250,2.2200,0.0000,2.2200,2.2200,-10.2400,-10.2400,-10.2400,-10.2400,-10.2400,-10.2400,-10.2400,-10.2400
2025-06-15_05:52:55.878,1,1,1,1,2.2200,2.2250,2.2250,2.2250,2.2200,0.0000,2.2200,2.2200,-10.2400,-10.2400,-10.2400,-10.2400,-10.2400,-10.2400,-10.2400,-10.2400
2025-06-15_05:52:56.882,1,1,1,1,2.2200,2.2250,2.2250,2.2250,2.2200,0.0000,2.2200,2.2200,-10.2400,-10.2400,-10.2400,-10.2400,-10.2400,-10.2400,-10.2400,-10.2400
2025-06-15_05:52:57.886,1,1,1,1,2.2200,2.2250,2.2250,2.2250,2.2200,0.0000,2.2200,2.2200,-10.2400,-10.2400,-10.2400,-10.2400,-10.2400,-10.2400,-10.2400,-10.2400
2025-06-15_05:52:58.892,1,1,1,1,2.2250,2.2250,2.2250,2.2250,2.2200,0.0000,2.2200,2.2200,-10.2400,-10.2400,-10.2400,-10.2400,-10.2400,-10.2400,-10.2400,-10.2400
2025-06-15_05:52:59.897,1,1,1,1,2.2250,2.2250,2.2250,2.2250,2.2200,0.0000,2.2200,2.2200,-10.2400,-10.2400,-10.2400,-10.2400,-10.2400,-10.2400,-10.2400,-10.2400
2025-06-15_05:53:00.901,1,1,1,1,2.2200,2.2250,2.2250,2.2250,2.2200,0.0000,2.2200,2.2200,-10.2400,-10.2400,-10.2400,-10.2400,-10.2400,-10.2400,-10.2400,-10.2400
2025-06-15_05:53:01.906,1,1,1,1,2.2250,2.2250,2.2250,2.2250,2.2200,0.0000,2.2200,2.2200,-10.2400,-10.2400,-10.2400,-10.2400,-10.2400,-10.2400,-10.2400,-10.2400
2025-06-15_05:53:02.910,1,1,1,1,2.2250,2.2250,2.2250,2.2250,2.2200,0.0000,2.2200,2.2200,-10.2400,-10.2400,-10.2400,-10.2400,-10.2400,-10.2400,-10.2400,-10.2400
2025-06-15_05:53:03.914,1,1,1,1,2.2200,2.2250,2.2250,2.2250,2.2200,0.0000,2.2200,2.2200,-10.2400,-10.2400,-10.2400,-10.2400,-10.2400,-10.2400,-10.2400,-10.2400
2025-06-15_05:53:04.919,1,1,1,1,2.2250,2.2250,2.2250,2.2250,2.2200,0.0000,2.2200,2.2200,-10.2400,-10.2400,-10.2400,-10.2400,-10.2400,-10.2400,-10.2400,-10.2400
2025-06-15_05:53:05.922,1,1,1,1,2.2250,2.2250,2.2250,2.2250,2.2200,0.0000,2.2200,2.2200,-10.2400,-10.2400,-10.2400,-10.2400,-10.2400,-10.2400,-10.2400,-10.2400
2025-06-15_05:53:06.927,1,1,1,1,2.2250,2.2250,2.2250,2.2250,2.2200,0.0000,2.2200,2.2200,-10.2400,-10.2400,-10.2400,-10.2400,-10.2400,-10.2400,-10.2400,-10.2400
2025-06-15_05:53:07.931,1,1,1,1,2.2250,2.2250,2.2250,2.2250,2.2200,0.0000,2.2200,2.2200,-10.2400,-10.2400,-10.2400,-10.2400,-10.2400,-10.2400,-10.2400,-10.2400
2025-06-15_05:53:08.935,1,1,1,1,2.2250,2.2250,2.2250,2.2250,2.2200,0.0000,2.2200,2.2200,-10.2400,-10.2400,-10.2400,-10.2400,-10.2400,-10.2400,-10.2400,-10.2400
2025-06-15_05:53:09.940,1,1,1,1,2.2200,2.2250,2.2250,2.2250,2.2200,0.0000,2.2200,2.2200,-10.2400,-10.2400,-10.2400,-10.2400,-10.2400,-10.2400,-10.2400,-10.2400
2025-06-15_05:53:10.944,1,1,1,1,2.2250,2.2250,2.2250,2.2250,2.2200,0.0000,2.2200,2.2200,-10.2400,-10.2400,-10.2400,-10.2400,-10.2400,-10.2400,-10.2400,-10.2400
2025-06-15_05:53:11.949,1,1,1,1,2.2250,2.2250,2.2250,2.2250,2.2200,0.0000,2.2200,2.2200,-10.2400,-10.2400,-10.2400,-10.2400,-10.2400,-10.2400,-10.2400,-10.2400
2025-06-15_05:53:12.954,1,1,1,1,2.2200,2.2250,2.2250,2.2250,2.2200,0.0000,2.2200,2.2200,-10.2400,-10.2400,-10.2400,-10.2400,-10.2400,-10.2400,-10.2400,-10.2400
2025-06-15_05:53:13.958,1,1,1,1,2.2250,2.2250,2.2250,2.2250,2.2200,0.0000,2.2200,2.2200,-10.2400,-10.2400,-10.2400,-10.2400,-10.2400,-10.2400,-10.2400,-10.2400
2025-06-15_05:53:14.962,1,1,1,1,2.2250,2.2250,2.2250,2.2250,2.2200,0.0000,2.2200,2.2200,-10.2400,-10.2400,-10.2400,-10.2400,-10.2400,-10.2400,-10.2400,-10.2400
2025-06-15_05:53:15.966,1,1,1,1,2.2250,2.2250,2.2250,2.2250,2.2200,0.0000,2.2200,2.2200,-10.2400,-10.2400,-10.2400,-10.2400,-10.2400,-10.2400,-10.2400,-10.2400
2025-06-15_05:53:16.969,1,1,1,1,2.2250,2.2250,2.2250,2.2250,2.2200,0.0000,2.2200,2.2200,-10.2400,-10.2400,-10.2400,-10.2400,-10.2400,-10.2400,-10.2400,-10.2400
2025-06-15_05:53:17.973,1,1,1,1,2.2250,2.2250,2.2250,2.2250,2.2200,0.0000,2.2200,2.2200,-10.2400,-10.2400,-10.2400,-10.2400,-10.2400,-10.2400,-10.2400,-10.2400
2025-06-15_05:53:18.978,1,1,1,1,2.2250,2.2250,2.2250,2.2250,2.2200,0.0000,2.2200,2.2200,-10.2400,-10.2400,-10.2400,-10.2400,-10.2400,-10.2400,-10.2400,-10.2400
2025-06-15_05:53:19.982,1,1,1,1,2.2200,2.2250,2.2250,2.2250,2.2200,0.0000,2.2200,2.2200,-10.2400,-10.2400,-10.2400,-10.2400,-10.2400,-10.2400,-10.2400,-10.2400
2025-06-15_05:53:20.986,1,1,1,1,2.2250,2.2250,2.2250,2.2250,2.2200,0.0000,2.2200,2.2200,-10.2400,-10.2400,-10.2400,-10.2400,-10.2400,-10.2400,-10.2400,-10.2400
2025-06-15_05:53:21.990,1,1,1,1,2.2250,2.2250,2.2250,2.2250,2.2200,0.0000,2.2200,2.2200,-10.2400,-10.2400,-10.2400,-10.2400,-10.2400,-10.2400,-10.2400,-10.2400
2025-06-15_05:53:22.995,1,1,1,1,2.2250,2.2250,2.2250,2.2250,2.2200,0.0000,2.2200,2.2200,-10.2400,-10.2400,-10.2400,-10.2400,-10.2400,-10.2400,-10.2400,-10.2400
2025-06-15_05:53:23.999,1,1,1,1,2.2250,2.2250,2.2250,2.2250,2.2200,0.0000,2.2200,2.2200,-10.2400,-10.2400,-10.2400,-10.2400,-10.2400,-10.2400,-10.2400,-10.2400
2025-06-15_05:53:25.003,1,1,1,1,2.2250,2.2250,2.2250,2.2250,2.2200,0.0000,2.2200,2.2200,-10.2400,-10.2400,-10.2400,-10.2400,-10.2400,-10.2400,-10.2400,-10.2400
2025-06-15_05:53:26.006,1,1,1,1,2.2250,2.2250,2.2250,2.2250,2.2200,0.0000,2.2200,2.2200,-10.2400,-10.2400,-10.2400,-10.2400,-10.2400,-10.2400,-10.2400,-10.2400
2025-06-15_05:53:27.010,1,1,1,1,2.2250,2.2250,2.2250,2.2250,2.2200,0.0000,2.2200,2.2200,-10.2400,-10.2400,-10.2400,-10.2400,-10.2400,-10.2400,-10.2400,-10.2400
2025-06-15_05:53:28.013,1,1,1,1,2.2200,2.2250,2.2250,2.2250,2.2200,0.0000,2.2200,2.2200,-10.2400,-10.2400,-10.2400,-10.2400,-10.2400,-10.2400,-10.2400,-10.2400
2025-06-15_05:53:29.017,1,1,1,1,2.2250,2.2250,2.2250,2.2250,2.2200,0.0000,2.2200,2.2200,-10.2400,-10.2400,-10.2400,-10.2400,-10.2400,-10.2400,-10.2400,-10.2400
2025-06-15_05:53:30.022,1,1,1,1,2.2250,2.2250,2.2250,2.2250,2.2200,0.0000,2.2200,2.2200,-10.2400,-10.2400,-10.2400,-10.2400,-10.2400,-10.2400,-10.2400,-10.2400
2025-06-15_05:53:31.027,1,1,1,1,2.2200,2.2250,2.2250,2.2250,2.2200,0.0000,2.2200,2.2200,-10.2400,-10.2400,-10.2400,-10.2400,-10.2400,-10.2400,-10.2400,-10.2400
2025-06-15_05:53:32.030,1,1,1,1,2.2250,2.2250,2.2250,2.2250,2.2200,0.0000,2.2200,2.2200,-10.2400,-10.2400,-10.2400,-10.2400,-10.2400,-10.2400,-10.2400,-10.2400
2025-06-15_05:53:33.035,1,1,1,1,2.2250,2.2250,2.2250,2.2250,2.2200,0.0000,2.2200,2.2200,-10.2400,-10.2400,-10.2400,-10.2400,-10.2400,-10.2400,-10.2400,-10.2400
2025-06-15_05:53:34.039,1,1,1,1,2.2250,2.2250,2.2250,2.2250,2.2200,0.0000,2.2200,2.2200,-10.2400,-10.2400,-10.2400,-10.2400,-10.2400,-10.2400,-10.2400,-10.2400
2025-06-15_05:53:35.044,1,1,1,1,2.2250,2.2250,2.2250,2.2250,2.2200,0.0000,2.2200,2.2200,-10.2400,-10.2400,-10.2400,-10.2400,-10.2400,-10.2400,-10.2400,-10.2400
2025-06-15_05:53:36.047,1,1,1,1,2.2250,2.2250,2.2250,2.2250,2.2200,0.0000,2.2200,2.2200,-10.2400,-10.2400,-10.2400,-10.2400,-10.2400,-10.2400,-10.2400,-10.2400
2025-06-15_05:53:37.051,1,1,1,1,2.2250,2.2250,2.2250,2.2250,2.2200,0.0000,2.2200,2.2200,-10.2400,-10.2400,-10.2400,-10.2400,-10.2400,-10.2400,-10.2400,-10.2400
2025-06-15_05:53:38.056,1,1,1,1,2.2250,2.2250,2.2250,2.2250,2.2200,0.0000,2.2200,2.2200,-10.2400,-10.2400,-10.2400,-10.2400,-10.2400,-10.2400,-10.2400,-10.2400
2025-06-15_05:53:39.059,1,1,1,1,2.2250,2.2250,2.2250,2.2250,2.2200,0.0000,2.2200,2.2200,-10.2400,-10.2400,-10.2400,-10.2400,-10.2400,-10.2400,-10.2400,-10.2400
2025-06-15_05:53:40.063,1,1,1,1,2.2250,2.2250,2.2250,2.2250,2.2200,0.0000,2.2200,2.2200,-10.2400,-10.2400,-10.2400,-10.2400,-10.2400,-10.2400,-10.2400,-10.2400
2025-06-15_05:53:41.067,1,1,1,1,2.2250,2.2250,2.2250,2.2250,2.2200,0.0000,2.2200,2.2200,-10.2400,-10.2400,-10.2400,-10.2400,-10.2400,-10.2400,-10.2400,-10.2400
2025-06-15_05:53:42.071,1,1,1,1,2.2250,2.2250,2.2250,2.2250,2.2200,0.0000,2.2200,2.2200,-10.2400,-10.2400,-10.2400,-10.2400,-10.2400,-10.2400,-10.2400,-10.2400
2025-06-15_05:53:43.075,1,1,1,1,2.2250,2.2250,2.2250,2.2250,2.2200,0.0000,2.2200,2.2200,-10.2400,-10.2400,-10.2400,-10.2400,-10.2400,-10.2400,-10.2400,-10.2400
2025-06-15_05:53:44.079,1,1,1,1,2.2200,2.2250,2.2250,2.2250,2.2200,0.0000,2.2200,2.2200,-10.2400,-10.2400,-10.2400,-10.2400,-10.2400,-10.2400,-10.2400,-10.2400
2025-06-15_05:53:45.083,1,1,1,1,2.2250,2.2250,2.2250,2.2250,2.2200,0.0000,2.2200,2.2200,-10.2400,-10.2400,-10.2400,-10.2400,-10.2400,-10.2400,-10.2400,-10.2400
2025-06-15_05:53:46.088,1,1,1,1,2.2200,2.2250,2.2250,2.2250,2.2200,0.0000,2.2200,2.2200,-10.2400,-10.2400,-10.2400,-10.2400,-10.2400,-10.2400,-10.2400,-10.2400
2025-06-15_05:53:47.092,1,1,1,1,2.2200,2.2250,2.2250,2.2250,2.2200,0.0000,2.2200,2.2200,-10.2400,-10.2400,-10.2400,-10.2400,-10.2400,-10.2400,-10.2400,-10.2400
2025-06-15_05:53:48.097,1,1,1,1,2.2250,2.2250,2.2250,2.2250,2.2200,0.0000,2.2200,2.2200,-10.2400,-10.2400,-10.2400,-10.2400,-10.2400,-10.2400,-10.2400,-10.2400
2025-06-15_05:53:49.101,1,1,1,1,2.2200,2.2250,2.2250,2.2250,2.2200,0.0000,2.2200,2.2200,-10.2400,-10.2400,-10.2400,-10.2400,-10.2400,-10.2400,-10.2400,-10.2400
2025-06-15_05:53:50.106,1,1,1,1,2.2250,2.2250,2.2250,2.2250,2.2200,0.0000,2.2200,2.2200,-10.2400,-10.2400,-10.2400,-10.2400,-10.2400,-10.2400,-10.2400,-10.2400
2025-06-15_05:53:51.110,1,1,1,1,2.2250,2.2250,2.2250,2.2250,2.2200,0.0000,2.2200,2.2200,-10.2400,-10.2400,-10.2400,-10.2400,-10.2400,-10.2400,-10.2400,-10.2400
2025-06-15_05:53:52.114,1,1,1,1,2.2250,2.2250,2.2250,2.2250,2.2200,0.0000,2.2200,2.2200,-10.2400,-10.2400,-10.2400,-10.2400,-10.2400,-10.2400,-10.2400,-10.2400
2025-06-15_05:53:53.118,1,1,1,1,2.2250,2.2250,2.2200,2.2250,2.2200,0.0000,2.2200,2.2200,-10.2400,-10.2400,-10.2400,-10.2400,-10.2400,-10.2400,-10.2400,-10.2400
2025-06-15_05:53:54.121,1,1,1,1,2.2250,2.2250,2.2250,2.2250,2.2200,0.0000,2.2200,2.2200,-10.2400,-10.2400,-10.2400,-10.2400,-10.2400,-10.2400,-10.2400,-10.2400
2025-06-15_05:53:55.124,1,1,1,1,2.2250,2.2250,2.2250,2.2250,2.2200,0.0000,2.2200,2.2200,-10.2400,-10.2400,-10.2400,-10.2400,-10.2400,-10.2400,-10.2400,-10.2400
2025-06-15_05:53:56.129,1,1,1,1,2.2250,2.2250,2.2250,2.2250,2.2200,0.0000,2.2200,2.2200,-10.2400,-10.2400,-10.2400,-10.2400,-10.2400,-10.2400,-10.2400,-10.2400
2025-06-15_05:53:57.133,1,1,1,1,2.2250,2.2250,2.2250,2.2250,2.2200,0.0000,2.2200,2.2200,-10.2400,-10.2400,-10.2400,-10.2400,-10.2400,-10.2400,-10.2400,-10.2400
2025-06-15_05:53:58.141,1,1,1,1,2.2250,2.2250,2.2250,2.2250,2.2200,0.0000,2.2200,2.2200,-10.2400,-10.2400,-10.2400,-10.2400,-10.2400,-10.2400,-10.2400,-10.2400
2025-06-15_05:53:59.145,1,1,1,1,2.2250,2.2250,2.2250,2.2250,2.2200,0.0000,2.2200,2.2200,-10.2400,-10.2400,-10.2400,-10.2400,-10.2400,-10.2400,-10.2400,-10.2400
2025-06-15_05:54:00.149,1,1,1,1,2.2250,2.2250,2.2250,2.2250,2.2200,0.0000,2.2200,2.2200,-10.2400,-10.2400,-10.2400,-10.2400,-10.2400,-10.2400,-10.2400,-10.2400
2025-06-15_05:54:01.153,1,1,1,1,2.2250,2.2250,2.2250,2.2250,2.2200,0.0000,2.2200,2.2200,-10.2400,-10.2400,-10.2400,-10.2400,-10.2400,-10.2400,-10.2400,-10.2400
2025-06-15_05:54:02.157,1,1,1,1,2.2250,2.2250,2.2250,2.2250,2.2200,0.0000,2.2200,2.2200,-10.2400,-10.2400,-10.2400,-10.2400,-10.2400,-10.2400,-10.2400,-10.2400
2025-06-15_05:54:03.161,1,1,1,1,2.2250,2.2250,2.2250,2.2250,2.2200,0.0000,2.2200,2.2200,-10.2400,-10.2400,-10.2400,-10.2400,-10.2400,-10.2400,-10.2400,-10.2400
2025-06-15_05:54:04.164,1,1,1,1,2.2250,2.2250,2.2250,2.2250,2.2200,0.0000,2.2200,2.2200,-10.2400,-10.2400,-10.2400,-10.2400,-10.2400,-10.2400,-10.2400,-10.2400
2025-06-15_05:54:05.168,1,1,1,1,2.2250,2.2250,2.2250,2.2250,2.2200,0.0000,2.2200,2.2200,-10.2400,-10.2400,-10.2400,-10.2400,-10.2400,-10.2400,-10.2400,-10.2400
2025-06-15_05:54:06.171,1,1,1,1,2.2250,2.2250,2.2250,2.2250,2.2200,0.0000,2.2200,2.2200,-10.2400,-10.2400,-10.2400,-10.2400,-10.2400,-10.2400,-10.2400,-10.2400
2025-06-15_05:54:07.175,1,1,1,1,2.2250,2.2250,2.2250,2.2250,2.2200,0.0000,2.2200,2.2200,-10.2400,-10.2400,-10.2400,-10.2400,-10.2400,-10.2400,-10.2400,-10.2400
2025-06-15_05:54:08.179,1,1,1,1,2.2250,2.2250,2.2250,2.2250,2.2200,0.0000,2.2200,2.2200,-10.2400,-10.2400,-10.2400,-10.2400,-10.2400,-10.2400,-10.2400,-10.2400
2025-06-15_05:54:09.188,1,1,1,1,2.2250,2.2250,2.2250,2.2250,2.2200,0.0000,2.2200,2.2200,-10.2400,-10.2400,-10.2400,-10.2400,-10.2400,-10.2400,-10.2400,-10.2400
2025-06-15_05:54:10.192,1,1,1,1,2.2250,2.2250,2.2200,2.2250,2.2200,0.0000,2.2200,2.2200,-10.2400,-10.2400,-10.2400,-10.2400,-10.2400,-10.2400,-10.2400,-10.2400
2025-06-15_05:54:11.196,1,1,1,1,2.2250,2.2250,2.2250,2.2250,2.2200,0.0000,2.2200,2.2200,-10.2400,-10.2400,-10.2400,-10.2400,-10.2400,-10.2400,-10.2400,-10.2400
2025-06-15_05:54:12.199,1,1,1,1,2.2250,2.2250,2.2250,2.2250,2.2200,0.0000,2.2200,2.2200,-10.2400,-10.2400,-10.2400,-10.2400,-10.2400,-10.2400,-10.2400,-10.2400
2025-06-15_05:54:13.204,1,1,1,1,2.2250,2.2250,2.2250,2.2250,2.2200,0.0000,2.2200,2.2200,-10.2400,-10.2400,-10.2400,-10.2400,-10.2400,-10.2400,-10.2400,-10.2400
2025-06-15_05:54:14.208,1,1,1,1,2.2250,2.2250,2.2250,2.2250,2.2200,0.0000,2.2200,2.2200,-10.2400,-10.2400,-10.2400,-10.2400,-10.2400,-10.2400,-10.2400,-10.2400
2025-06-15_05:54:15.212,1,1,1,1,2.2250,2.2250,2.2250,2.2250,2.2200,0.0000,2.2200,2.2200,-10.2400,-10.2400,-10.2400,-10.2400,-10.2400,-10.2400,-10.2400,-10.2400
2025-06-15_05:54:16.215,1,1,1,1,2.2250,2.2250,2.2250,2.2250,2.2200,0.0000,2.2200,2.2200,-10.2400,-10.2400,-10.2400,-10.2400,-10.2400,-10.2400,-10.2400,-10.2400
2025-06-15_05:54:17.218,1,1,1,1,2.2250,2.2250,2.2250,2.2250,2.2200,0.0000,2.2200,2.2200,-10.2400,-10.2400,-10.2400,-10.2400,-10.2400,-10.2400,-10.2400,-10.2400
2025-06-15_05:54:18.223,1,1,1,1,2.2250,2.2250,2.2250,2.2250,2.2200,0.0000,2.2200,2.2200,-10.2400,-10.2400,-10.2400,-10.2400,-10.2400,-10.2400,-10.2400,-10.2400
2025-06-15_05:54:19.227,1,1,1,1,2.2250,2.2250,2.2250,2.2250,2.2200,0.0000,2.2200,2.2200,-10.2400,-10.2400,-10.2400,-10.2400,-10.2400,-10.2400,-10.2400,-10.2400
2025-06-15_05:54:20.231,1,1,1,1,2.2250,2.2250,2.2250,2.2250,2.2200,0.0000,2.2200,2.2200,-10.2400,-10.2400,-10.2400,-10.2400,-10.2400,-10.2400,-10.2400,-10.2400
2025-06-15_05:54:21.235,1,1,1,1,2.2200,2.2250,2.2200,2.2250,2.2200,0.0000,2.2200,2.2200,-10.2400,-10.2400,-10.2400,-10.2400,-10.2400,-10.2400,-10.2400,-10.2400
2025-06-15_05:54:22.238,1,1,1,1,2.2250,2.2250,2.2250,2.2250,2.2200,0.0000,2.2200,2.2200,-10.2400,-10.2400,-10.2400,-10.2400,-10.2400,-10.2400,-10.2400,-10.2400
2025-06-15_05:54:23.242,1,1,1,1,2.2250,2.2250,2.2250,2.2250,2.2200,0.0000,2.2200,2.2200,-10.2400,-10.2400,-10.2400,-10.2400,-10.2400,-10.2400,-10.2400,-10.2400
2025-06-15_05:54:24.246,1,1,1,1,2.2250,2.2250,2.2250,2.2250,2.2200,0.0000,2.2200,2.2200,-10.2400,-10.2400,-10.2400,-10.2400,-10.2400,-10.2400,-10.2400,-10.2400
2025-06-15_05:54:25.250,1,1,1,1,2.2250,2.2250,2.2250,2.2250,2.2200,0.0000,2.2200,2.2200,-10.2400,-10.2400,-10.2400,-10.2400,-10.2400,-10.2400,-10.2400,-10.2400
2025-06-15_05:54:26.255,1,1,1,1,2.2250,2.2250,2.2250,2.2250,2.2200,0.0000,2.2200,2.2200,-10.2400,-10.2400,-10.2400,-10.2400,-10.2400,-10.2400,-10.2400,-10.2400
2025-06-15_05:54:27.260,1,1,1,1,2.2250,2.2250,2.2250,2.2250,2.2200,0.0000,2.2200,2.2200,-10.2400,-10.2400,-10.2400,-10.2400,-10.2400,-10.2400,-10.2400,-10.2400
2025-06-15_05:54:28.264,1,1,1,1,2.2250,2.2250,2.2250,2.2250,2.2200,0.0000,2.2200,2.2200,-10.2400,-10.2400,-10.2400,-10.2400,-10.2400,-10.2400,-10.2400,-10.2400
2025-06-15_05:54:29.268,1,1,1,1,2.2250,2.2250,2.2250,2.2250,2.2200,0.0000,2.2200,2.2200,-10.2400,-10.2400,-10.2400,-10.2400,-10.2400,-10.2400,-10.2400,-10.2400
2025-06-15_05:54:30.273,1,1,1,1,2.2200,2.2250,2.2250,2.2250,2.2200,0.0000,2.2200,2.2200,-10.2400,-10.2400,-10.2400,-10.2400,-10.2400,-10.2400,-10.2400,-10.2400
2025-06-15_05:54:31.276,1,1,1,1,2.2250,2.2250,2.2250,2.2250,2.2200,0.0000,2.2200,2.2200,-10.2400,-10.2400,-10.2400,-10.2400,-10.2400,-10.2400,-10.2400,-10.2400
2025-06-15_05:54:32.280,1,1,1,1,2.2250,2.2250,2.2250,2.2250,2.2200,0.0000,2.2200,2.2200,-10.2400,-10.2400,-10.2400,-10.2400,-10.2400,-10.2400,-10.2400,-10.2400
2025-06-15_05:54:33.284,1,1,1,1,2.2250,2.2250,2.2250,2.2250,2.2200,0.0000,2.2200,2.2200,-10.2400,-10.2400,-10.2400,-10.2400,-10.2400,-10.2400,-10.2400,-10.2400
2025-06-15_05:54:34.288,1,1,1,1,2.2200,2.2250,2.2250,2.2250,2.2200,0.0000,2.2200,2.2200,-10.2400,-10.2400,-10.2400,-10.2400,-10.2400,-10.2400,-10.2400,-10.2400
2025-06-15_05:54:35.292,1,1,1,1,2.2200,2.2250,2.2250,2.2250,2.2200,0.0000,2.2200,2.2200,-10.2400,-10.2400,-10.2400,-10.2400,-10.2400,-10.2400,-10.2400,-10.2400
2025-06-15_05:54:36.297,1,1,1,1,2.2250,2.2250,2.2250,2.2250,2.2200,0.0000,2.2200,2.2200,-10.2400,-10.2400,-10.2400,-10.2400,-10.2400,-10.2400,-10.2400,-10.2400
2025-06-15_05:54:37.301,1,1,1,1,2.2250,2.2250,2.2250,2.2250,2.2200,0.0000,2.2200,2.2200,-10.2400,-10.2400,-10.2400,-10.2400,-10.2400,-10.2400,-10.2400,-10.2400
2025-06-15_05:54:38.305,1,1,1,1,2.2250,2.2250,2.2250,2.2250,2.2200,0.0000,2.2200,2.2200,-10.2400,-10.2400,-10.2400,-10.2400,-10.2400,-10.2400,-10.2400,-10.2400
2025-06-15_05:54:39.309,1,1,1,1,2.2200,2.2250,2.2250,2.2250,2.2200,0.0000,2.2200,2.2200,-10.2400,-10.2400,-10.2400,-10.2400,-10.2400,-10.2400,-10.2400,-10.2400
2025-06-15_05:54:40.314,1,1,1,1,2.2200,2.2250,2.2250,2.2250,2.2200,0.0000,2.2200,2.2200,-10.2400,-10.2400,-10.2400,-10.2400,-10.2400,-10.2400,-10.2400,-10.2400
2025-06-15_05:54:41.317,1,1,1,1,2.2200,2.2250,2.2250,2.2250,2.2200,0.0000,2.2200,2.2200,-10.2400,-10.2400,-10.2400,-10.2400,-10.2400,-10.2400,-10.2400,-10.2400
2025-06-15_05:54:42.321,1,1,1,1,2.2250,2.2250,2.2250,2.2250,2.2200,0.0000,2.2200,2.2200,-10.2400,-10.2400,-10.2400,-10.2400,-10.2400,-10.2400,-10.2400,-10.2400
2025-06-15_05:54:43.326,1,1,1,1,2.2200,2.2250,2.2250,2.2250,2.2200,0.0000,2.2200,2.2200,-10.2400,-10.2400,-10.2400,-10.2400,-10.2400,-10.2400,-10.2400,-10.2400
2025-06-15_05:54:44.330,1,1,1,1,2.2200,2.2250,2.2250,2.2250,2.2200,0.0000,2.2200,2.2200,-10.2400,-10.2400,-10.2400,-10.2400,-10.2400,-10.2400,-10.2400,-10.2400
2025-06-15_05:54:45.334,1,1,1,1,2.2200,2.2250,2.2250,2.2250,2.2200,0.0000,2.2200,2.2200,-10.2400,-10.2400,-10.2400,-10.2400,-10.2400,-10.2400,-10.2400,-10.2400
2025-06-15_05:54:46.339,1,1,1,1,2.2200,2.2250,2.2250,2.2250,2.2200,0.0000,2.2200,2.2200,-10.2400,-10.2400,-10.2400,-10.2400,-10.2400,-10.2400,-10.2400,-10.2400
2025-06-15_05:54:47.343,1,1,1,1,2.2250,2.2250,2.2250,2.2250,2.2200,0.0000,2.2200,2.2200,-10.2400,-10.2400,-10.2400,-10.2400,-10.2400,-10.2400,-10.2400,-10.2400
2025-06-15_05:54:48.347,1,1,1,1,2.2250,2.2250,2.2250,2.2250,2.2200,0.0000,2.2200,2.2200,-10.2400,-10.2400,-10.2400,-10.2400,-10.2400,-10.2400,-10.2400,-10.2400
2025-06-15_05:54:49.352,1,1,1,1,2.2250,2.2250,2.2250,2.2250,2.2200,0.0000,2.2200,2.2200,-10.2400,-10.2400,-10.2400,-10.2400,-10.2400,-10.2400,-10.2400,-10.2400
2025-06-15_05:54:50.356,1,1,1,1,2.2250,2.2250,2.2250,2.2250,2.2200,0.0000,2.2200,2.2200,-10.2400,-10.2400,-10.2400,-10.2400,-10.2400,-10.2400,-10.2400,-10.2400
2025-06-15_05:54:51.359,1,1,1,1,2.2250,2.2250,2.2250,2.2250,2.2200,0.0000,2.2200,2.2200,-10.2400,-10.2400,-10.2400,-10.2400,-10.2400,-10.2400,-10.2400,-10.2400
2025-06-15_05:54:52.363,1,1,1,1,2.2200,2.2250,2.2250,2.2250,2.2200,0.0000,2.2200,2.2200,-10.2400,-10.2400,-10.2400,-10.2400,-10.2400,-10.2400,-10.2400,-10.2400
2025-06-15_05:54:53.367,1,1,1,1,2.2250,2.2250,2.2250,2.2250,2.2200,0.0000,2.2200,2.2200,-10.2400,-10.2400,-10.2400,-10.2400,-10.2400,-10.2400,-10.2400,-10.2400
2025-06-15_05:54:54.372,1,1,1,1,2.2200,2.2250,2.2250,2.2250,2.2200,0.0000,2.2200,2.2200,-10.2400,-10.2400,-10.2400,-10.2400,-10.2400,-10.2400,-10.2400,-10.2400
2025-06-15_05:54:55.376,1,1,1,1,2.2200,2.2250,2.2250,2.2250,2.2200,0.0000,2.2200,2.2200,-10.2400,-10.2400,-10.2400,-10.2400,-10.2400,-10.2400,-10.2400,-10.2400
2025-06-15_05:54:56.381,1,1,1,1,2.2200,2.2250,2.2250,2.2250,2.2200,0.0000,2.2200,2.2200,-10.2400,-10.2400,-10.2400,-10.2400,-10.2400,-10.2400,-10.2400,-10.2400
2025-06-15_05:54:57.386,1,1,1,1,2.2200,2.2250,2.2250,2.2250,2.2200,0.0000,2.2200,2.2200,-10.2400,-10.2400,-10.2400,-10.2400,-10.2400,-10.2400,-10.2400,-10.2400
2025-06-15_05:54:58.392,1,1,1,1,2.2250,2.2250,2.2250,2.2250,2.2200,0.0000,2.2200,2.2200,-10.2400,-10.2400,-10.2400,-10.2400,-10.2400,-10.2400,-10.2400,-10.2400
2025-06-15_05:54:59.396,1,1,1,1,2.2200,2.2250,2.2250,2.2250,2.2200,0.0000,2.2200,2.2200,-10.2400,-10.2400,-10.2400,-10.2400,-10.2400,-10.2400,-10.2400,-10.2400
2025-06-15_05:55:00.401,1,1,1,1,2.2250,2.2250,2.2250,2.2250,2.2200,0.0000,2.2200,2.2200,-10.2400,-10.2400,-10.2400,-10.2400,-10.2400,-10.2400,-10.2400,-10.2400
2025-06-15_05:55:01.405,1,1,1,1,2.2250,2.2250,2.2250,2.2250,2.2200,0.0000,2.2200,2.2200,-10.2400,-10.2400,-10.2400,-10.2400,-10.2400,-10.2400,-10.2400,-10.2400
2025-06-15_05:55:02.409,1,1,1,1,2.2250,2.2250,2.2250,2.2250,2.2200,0.0000,2.2200,2.2200,-10.2400,-10.2400,-10.2400,-10.2400,-10.2400,-10.2400,-10.2400,-10.2400
2025-06-15_05:55:03.413,1,1,1,1,2.2250,2.2250,2.2250,2.2250,2.2200,0.0000,2.2200,2.2200,-10.2400,-10.2400,-10.2400,-10.2400,-10.2400,-10.2400,-10.2400,-10.2400
2025-06-15_05:55:04.416,1,1,1,1,2.2250,2.2250,2.2250,2.2250,2.2200,0.0000,2.2200,2.2200,-10.2400,-10.2400,-10.2400,-10.2400,-10.2400,-10.2400,-10.2400,-10.2400
2025-06-15_05:55:05.419,1,1,1,1,2.2250,2.2250,2.2250,2.2250,2.2200,0.0000,2.2200,2.2200,-10.2400,-10.2400,-10.2400,-10.2400,-10.2400,-10.2400,-10.2400,-10.2400
2025-06-15_05:55:06.423,1,1,1,1,2.2250,2.2250,2.2200,2.2250,2.2200,0.0000,2.2200,2.2200,-10.2400,-10.2400,-10.2400,-10.2400,-10.2400,-10.2400,-10.2400,-10.2400
2025-06-15_05:55:07.427,1,1,1,1,2.2200,2.2250,2.2250,2.2250,2.2200,0.0000,2.2200,2.2200,-10.2400,-10.2400,-10.2400,-10.2400,-10.2400,-10.2400,-10.2400,-10.2400
2025-06-15_05:55:08.432,1,1,1,1,2.2250,2.2250,2.2250,2.2250,2.2200,0.0000,2.2200,2.2200,-10.2400,-10.2400,-10.2400,-10.2400,-10.2400,-10.2400,-10.2400,-10.2400
2025-06-15_05:55:09.436,1,1,1,1,2.2250,2.2250,2.2250,2.2250,2.2200,0.0000,2.2200,2.2200,-10.2400,-10.2400,-10.2400,-10.2400,-10.2400,-10.2400,-10.2400,-10.2400
2025-06-15_05:55:10.440,1,1,1,1,2.2250,2.2250,2.2250,2.2250,2.2200,0.0000,2.2200,2.2200,-10.2400,-10.2400,-10.2400,-10.2400,-10.2400,-10.2400,-10.2400,-10.2400
2025-06-15_05:55:11.444,1,1,1,1,2.2200,2.2250,2.2250,2.2250,2.2200,0.0000,2.2200,2.2200,-10.2400,-10.2400,-10.2400,-10.2400,-10.2400,-10.2400,-10.2400,-10.2400
2025-06-15_05:55:12.448,1,1,1,1,2.2250,2.2250,2.2250,2.2250,2.2200,0.0000,2.2200,2.2200,-10.2400,-10.2400,-10.2400,-10.2400,-10.2400,-10.2400,-10.2400,-10.2400
2025-06-15_05:55:13.452,1,1,1,1,2.2200,2.2250,2.2250,2.2250,2.2200,0.0000,2.2200,2.2200,-10.2400,-10.2400,-10.2400,-10.2400,-10.2400,-10.2400,-10.2400,-10.2400
2025-06-15_05:55:14.458,1,1,1,1,2.2250,2.2250,2.2250,2.2250,2.2200,0.0000,2.2200,2.2200,-10.2400,-10.2400,-10.2400,-10.2400,-10.2400,-10.2400,-10.2400,-10.2400
2025-06-15_05:55:15.461,1,1,1,1,2.2250,2.2250,2.2250,2.2250,2.2200,0.0000,2.2200,2.2200,-10.2400,-10.2400,-10.2400,-10.2400,-10.2400,-10.2400,-10.2400,-10.2400
2025-06-15_05:55:16.464,1,1,1,1,2.2250,2.2250,2.2250,2.2250,2.2200,0.0000,2.2200,2.2200,-10.2400,-10.2400,-10.2400,-10.2400,-10.2400,-10.2400,-10.2400,-10.2400
2025-06-15_05:55:17.467,1,1,1,1,2.2250,2.2250,2.2250,2.2250,2.2200,0.0000,2.2200,2.2200,-10.2400,-10.2400,-10.2400,-10.2400,-10.2400,-10.2400,-10.2400,-10.2400
2025-06-15_05:55:18.472,1,1,1,1,2.2250,2.2250,2.2250,2.2250,2.2200,0.0000,2.2200,2.2200,-10.2400,-10.2400,-10.2400,-10.2400,-10.2400,-10.2400,-10.2400,-10.2400
2025-06-15_05:55:19.476,1,1,1,1,2.2200,2.2250,2.2250,2.2250,2.2200,0.0000,2.2200,2.2200,-10.2400,-10.2400,-10.2400,-10.2400,-10.2400,-10.2400,-10.2400,-10.2400
2025-06-15_05:55:20.481,1,1,1,1,2.2200,2.2250,2.2250,2.2250,2.2200,0.0000,2.2200,2.2200,-10.2400,-10.2400,-10.2400,-10.2400,-10.2400,-10.2400,-10.2400,-10.2400
2025-06-15_05:55:21.485,1,1,1,1,2.2200,2.2250,2.2250,2.2250,2.2200,0.0000,2.2200,2.2200,-10.2400,-10.2400,-10.2400,-10.2400,-10.2400,-10.2400,-10.2400,-10.2400
2025-06-15_05:55:22.490,1,1,1,1,2.2200,2.2250,2.2250,2.2250,2.2200,0.0000,2.2200,2.2200,-10.2400,-10.2400,-10.2400,-10.2400,-10.2400,-10.2400,-10.2400,-10.2400
2025-06-15_05:55:23.495,1,1,1,1,2.2200,2.2250,2.2250,2.2250,2.2200,0.0000,2.2200,2.2200,-10.2400,-10.2400,-10.2400,-10.2400,-10.2400,-10.2400,-10.2400,-10.2400
2025-06-15_05:55:24.499,1,1,1,1,2.2250,2.2250,2.2250,2.2250,2.2200,0.0000,2.2200,2.2200,-10.2400,-10.2400,-10.2400,-10.2400,-10.2400,-10.2400,-10.2400,-10.2400
2025-06-15_05:55:25.504,1,1,1,1,2.2250,2.2250,2.2250,2.2250,2.2200,0.0000,2.2200,2.2200,-10.2400,-10.2400,-10.2400,-10.2400,-10.2400,-10.2400,-10.2400,-10.2400
2025-06-15_05:55:26.508,1,1,1,1,2.2250,2.2250,2.2250,2.2250,2.2200,0.0000,2.2200,2.2200,-10.2400,-10.2400,-10.2400,-10.2400,-10.2400,-10.2400,-10.2400,-10.2400
2025-06-15_05:55:27.512,1,1,1,1,2.2250,2.2250,2.2250,2.2250,2.2200,0.0000,2.2200,2.2200,-10.2400,-10.2400,-10.2400,-10.2400,-10.2400,-10.2400,-10.2400,-10.2400
2025-06-15_05:55:28.518,1,1,1,1,2.2200,2.2250,2.2250,2.2250,2.2200,0.0000,2.2200,2.2200,-10.2400,-10.2400,-10.2400,-10.2400,-10.2400,-10.2400,-10.2400,-10.2400
2025-06-15_05:55:29.523,1,1,1,1,2.2200,2.2250,2.2250,2.2250,2.2200,0.0000,2.2200,2.2200,-10.2400,-10.2400,-10.2400,-10.2400,-10.2400,-10.2400,-10.2400,-10.2400
2025-06-15_05:55:30.527,1,1,1,1,2.2250,2.2250,2.2250,2.2250,2.2200,0.0000,2.2200,2.2200,-10.2400,-10.2400,-10.2400,-10.2400,-10.2400,-10.2400,-10.2400,-10.2400
2025-06-15_05:55:31.531,1,1,1,1,2.2250,2.2250,2.2250,2.2250,2.2200,0.0000,2.2200,2.2200,-10.2400,-10.2400,-10.2400,-10.2400,-10.2400,-10.2400,-10.2400,-10.2400
2025-06-15_05:55:32.535,1,1,1,1,2.2200,2.2250,2.2250,2.2250,2.2200,0.0000,2.2200,2.2200,-10.2400,-10.2400,-10.2400,-10.2400,-10.2400,-10.2400,-10.2400,-10.2400
2025-06-15_05:55:33.539,1,1,1,1,2.2250,2.2250,2.2250,2.2250,2.2200,0.0000,2.2200,2.2200,-10.2400,-10.2400,-10.2400,-10.2400,-10.2400,-10.2400,-10.2400,-10.2400
2025-06-15_05:55:34.543,1,1,1,1,2.2250,2.2250,2.2250,2.2250,2.2200,0.0000,2.2200,2.2200,-10.2400,-10.2400,-10.2400,-10.2400,-10.2400,-10.2400,-10.2400,-10.2400
2025-06-15_05:55:35.548,1,1,1,1,2.2200,2.2250,2.2250,2.2250,2.2200,0.0000,2.2200,2.2200,-10.2400,-10.2400,-10.2400,-10.2400,-10.2400,-10.2400,-10.2400,-10.2400
2025-06-15_05:55:36.552,1,1,1,1,2.2250,2.2250,2.2250,2.2250,2.2200,0.0000,2.2200,2.2200,-10.2400,-10.2400,-10.2400,-10.2400,-10.2400,-10.2400,-10.2400,-10.2400
2025-06-15_05:55:37.556,1,1,1,1,2.2250,2.2250,2.2250,2.2250,2.2200,0.0000,2.2200,2.2200,-10.2400,-10.2400,-10.2400,-10.2400,-10.2400,-10.2400,-10.2400,-10.2400
2025-06-15_05:55:38.562,1,1,1,1,2.2250,2.2250,2.2250,2.2250,2.2200,0.0000,2.2200,2.2200,-10.2400,-10.2400,-10.2400,-10.2400,-10.2400,-10.2400,-10.2400,-10.2400
2025-06-15_05:55:39.566,1,1,1,1,2.2250,2.2250,2.2250,2.2250,2.2200,0.0000,2.2200,2.2200,-10.2400,-10.2400,-10.2400,-10.2400,-10.2400,-10.2400,-10.2400,-10.2400
2025-06-15_05:55:40.569,1,1,1,1,2.2250,2.2250,2.2250,2.2250,2.2200,0.0000,2.2200,2.2200,-10.2400,-10.2400,-10.2400,-10.2400,-10.2400,-10.2400,-10.2400,-10.2400
2025-06-15_05:55:41.572,1,1,1,1,2.2250,2.2250,2.2250,2.2250,2.2200,0.0000,2.2200,2.2200,-10.2400,-10.2400,-10.2400,-10.2400,-10.2400,-10.2400,-10.2400,-10.2400
2025-06-15_05:55:42.575,1,1,1,1,2.2250,2.2250,2.2250,2.2250,2.2200,0.0000,2.2200,2.2200,-10.2400,-10.2400,-10.2400,-10.2400,-10.2400,-10.2400,-10.2400,-10.2400
2025-06-15_05:55:43.579,1,1,1,1,2.2250,2.2250,2.2250,2.2250,2.2200,0.0000,2.2200,2.2200,-10.2400,-10.2400,-10.2400,-10.2400,-10.2400,-10.2400,-10.2400,-10.2400
2025-06-15_05:55:44.584,1,1,1,1,2.2200,2.2250,2.2250,2.2250,2.2200,0.0000,2.2200,2.2200,-10.2400,-10.2400,-10.2400,-10.2400,-10.2400,-10.2400,-10.2400,-10.2400
2025-06-15_05:55:45.588,1,1,1,1,2.2250,2.2250,2.2250,2.2250,2.2200,0.0000,2.2200,2.2200,-10.2400,-10.2400,-10.2400,-10.2400,-10.2400,-10.2400,-10.2400,-10.2400
2025-06-15_05:55:46.593,1,1,1,1,2.2250,2.2250,2.2250,2.2250,2.2200,0.0000,2.2200,2.2200,-10.2400,-10.2400,-10.2400,-10.2400,-10.2400,-10.2400,-10.2400,-10.2400
2025-06-15_05:55:47.597,1,1,1,1,2.2250,2.2250,2.2250,2.2250,2.2200,0.0000,2.2200,2.2200,-10.2400,-10.2400,-10.2400,-10.2400,-10.2400,-10.2400,-10.2400,-10.2400
2025-06-15_05:55:48.604,1,1,1,1,2.2250,2.2250,2.2250,2.2250,2.2200,0.0000,2.2200,2.2200,-10.2400,-10.2400,-10.2400,-10.2400,-10.2400,-10.2400,-10.2400,-10.2400
2025-06-15_05:55:49.607,1,1,1,1,2.2250,2.2250,2.2250,2.2250,2.2200,0.0000,2.2200,2.2200,-10.2400,-10.2400,-10.2400,-10.2400,-10.2400,-10.2400,-10.2400,-10.2400
2025-06-15_05:55:50.611,1,1,1,1,2.2200,2.2250,2.2250,2.2250,2.2200,0.0000,2.2200,2.2200,-10.2400,-10.2400,-10.2400,-10.2400,-10.2400,-10.2400,-10.2400,-10.2400
2025-06-15_05:55:51.616,1,1,1,1,2.2200,2.2250,2.2250,2.2250,2.2200,0.0000,2.2200,2.2200,-10.2400,-10.2400,-10.2400,-10.2400,-10.2400,-10.2400,-10.2400,-10.2400
2025-06-15_05:55:52.621,1,1,1,1,2.2250,2.2250,2.2250,2.2250,2.2200,0.0000,2.2200,2.2200,-10.2400,-10.2400,-10.2400,-10.2400,-10.2400,-10.2400,-10.2400,-10.2400
2025-06-15_05:55:53.624,1,1,1,1,2.2250,2.2250,2.2250,2.2250,2.2200,0.0000,2.2200,2.2200,-10.2400,-10.2400,-10.2400,-10.2400,-10.2400,-10.2400,-10.2400,-10.2400
2025-06-15_05:55:54.626,1,1,1,1,2.2250,2.2250,2.2250,2.2250,2.2200,0.0000,2.2200,2.2200,-10.2400,-10.2400,-10.2400,-10.2400,-10.2400,-10.2400,-10.2400,-10.2400
2025-06-15_05:55:55.630,1,1,1,1,2.2250,2.2250,2.2250,2.2250,2.2200,0.0000,2.2200,2.2200,-10.2400,-10.2400,-10.2400,-10.2400,-10.2400,-10.2400,-10.2400,-10.2400
2025-06-15_05:55:56.633,1,1,1,1,2.2250,2.2250,2.2250,2.2250,2.2200,0.0000,2.2200,2.2200,-10.2400,-10.2400,-10.2400,-10.2400,-10.2400,-10.2400,-10.2400,-10.2400
2025-06-15_05:55:57.637,1,1,1,1,2.2250,2.2250,2.2250,2.2250,2.2200,0.0000,2.2200,2.2200,-10.2400,-10.2400,-10.2400,-10.2400,-10.2400,-10.2400,-10.2400,-10.2400
2025-06-15_05:55:58.642,1,1,1,1,2.2250,2.2250,2.2250,2.2250,2.2200,0.0000,2.2200,2.2200,-10.2400,-10.2400,-10.2400,-10.2400,-10.2400,-10.2400,-10.2400,-10.2400
2025-06-15_05:55:59.647,1,1,1,1,2.2250,2.2250,2.2250,2.2250,2.2200,0.0000,2.2200,2.2200,-10.2400,-10.2400,-10.2400,-10.2400,-10.2400,-10.2400,-10.2400,-10.2400
2025-06-15_05:56:00.652,1,1,1,1,2.2250,2.2250,2.2250,2.2250,2.2200,0.0000,2.2200,2.2200,-10.2400,-10.2400,-10.2400,-10.2400,-10.2400,-10.2400,-10.2400,-10.2400
2025-06-15_05:56:01.655,1,1,1,1,2.2250,2.2250,2.2250,2.2250,2.2200,0.0000,2.2200,2.2200,-10.2400,-10.2400,-10.2400,-10.2400,-10.2400,-10.2400,-10.2400,-10.2400
2025-06-15_05:56:02.659,1,1,1,1,2.2250,2.2250,2.2250,2.2250,2.2200,0.0000,2.2200,2.2200,-10.2400,-10.2400,-10.2400,-10.2400,-10.2400,-10.2400,-10.2400,-10.2400
2025-06-15_05:56:03.662,1,1,1,1,2.2250,2.2250,2.2250,2.2250,2.2200,0.0000,2.2200,2.2200,-10.2400,-10.2400,-10.2400,-10.2400,-10.2400,-10.2400,-10.2400,-10.2400
2025-06-15_05:56:04.665,1,1,1,1,2.2250,2.2250,2.2250,2.2250,2.2200,0.0000,2.2200,2.2200,-10.2400,-10.2400,-10.2400,-10.2400,-10.2400,-10.2400,-10.2400,-10.2400
2025-06-15_05:56:05.668,1,1,1,1,2.2250,2.2250,2.2250,2.2250,2.2200,0.0000,2.2200,2.2200,-10.2400,-10.2400,-10.2400,-10.2400,-10.2400,-10.2400,-10.2400,-10.2400
2025-06-15_05:56:06.672,1,1,1,1,2.2250,2.2250,2.2250,2.2250,2.2200,0.0000,2.2200,2.2200,-10.2400,-10.2400,-10.2400,-10.2400,-10.2400,-10.2400,-10.2400,-10.2400
2025-06-15_05:56:07.675,1,1,1,1,2.2250,2.2250,2.2250,2.2250,2.2200,0.0000,2.2200,2.2200,-10.2400,-10.2400,-10.2400,-10.2400,-10.2400,-10.2400,-10.2400,-10.2400
2025-06-15_05:56:08.681,1,1,1,1,2.2250,2.2250,2.2250,2.2250,2.2200,0.0000,2.2200,2.2200,-10.2400,-10.2400,-10.2400,-10.2400,-10.2400,-10.2400,-10.2400,-10.2400
2025-06-15_05:56:09.683,1,1,1,1,2.2250,2.2250,2.2250,2.2250,2.2200,0.0000,2.2200,2.2200,-10.2400,-10.2400,-10.2400,-10.2400,-10.2400,-10.2400,-10.2400,-10.2400
2025-06-15_05:56:10.686,1,1,1,1,2.2250,2.2250,2.2250,2.2250,2.2200,0.0000,2.2200,2.2200,-10.2400,-10.2400,-10.2400,-10.2400,-10.2400,-10.2400,-10.2400,-10.2400
2025-06-15_05:56:11.690,1,1,1,1,2.2250,2.2250,2.2250,2.2250,2.2200,0.0000,2.2200,2.2200,-10.2400,-10.2400,-10.2400,-10.2400,-10.2400,-10.2400,-10.2400,-10.2400
2025-06-15_05:56:12.692,1,1,1,1,2.2250,2.2250,2.2250,2.2250,2.2200,0.0000,2.2200,2.2200,-10.2400,-10.2400,-10.2400,-10.2400,-10.2400,-10.2400,-10.2400,-10.2400
2025-06-15_05:56:13.697,1,1,1,1,2.2250,2.2250,2.2250,2.2250,2.2200,0.0000,2.2200,2.2200,-10.2400,-10.2400,-10.2400,-10.2400,-10.2400,-10.2400,-10.2400,-10.2400
2025-06-15_05:56:14.701,1,1,1,1,2.2200,2.2250,2.2250,2.2250,2.2200,0.0000,2.2200,2.2200,-10.2400,-10.2400,-10.2400,-10.2400,-10.2400,-10.2400,-10.2400,-10.2400
2025-06-15_05:56:15.704,1,1,1,1,2.2200,2.2250,2.2250,2.2250,2.2200,0.0000,2.2200,2.2200,-10.2400,-10.2400,-10.2400,-10.2400,-10.2400,-10.2400,-10.2400,-10.2400
2025-06-15_05:56:16.708,1,1,1,1,2.2200,2.2250,2.2250,2.2250,2.2200,0.0000,2.2200,2.2200,-10.2400,-10.2400,-10.2400,-10.2400,-10.2400,-10.2400,-10.2400,-10.2400
2025-06-15_05:56:17.712,1,1,1,1,2.2250,2.2250,2.2250,2.2250,2.2200,0.0000,2.2200,2.2200,-10.2400,-10.2400,-10.2400,-10.2400,-10.2400,-10.2400,-10.2400,-10.2400
2025-06-15_05:56:18.719,1,1,1,1,2.2250,2.2250,2.2250,2.2250,2.2200,0.0000,2.2200,2.2200,-10.2400,-10.2400,-10.2400,-10.2400,-10.2400,-10.2400,-10.2400,-10.2400
2025-06-15_05:56:19.722,1,1,1,1,2.2250,2.2250,2.2250,2.2250,2.2200,0.0000,2.2200,2.2200,-10.2400,-10.2400,-10.2400,-10.2400,-10.2400,-10.2400,-10.2400,-10.2400
2025-06-15_05:56:20.725,1,1,1,1,2.2250,2.2250,2.2250,2.2250,2.2200,0.0000,2.2200,2.2200,-10.2400,-10.2400,-10.2400,-10.2400,-10.2400,-10.2400,-10.2400,-10.2400
2025-06-15_05:56:21.730,1,1,1,1,2.2200,2.2250,2.2250,2.2250,2.2200,0.0000,2.2200,2.2200,-10.2400,-10.2400,-10.2400,-10.2400,-10.2400,-10.2400,-10.2400,-10.2400
2025-06-15_05:56:22.735,1,1,1,1,2.2250,2.2250,2.2250,2.2250,2.2200,0.0000,2.2200,2.2200,-10.2400,-10.2400,-10.2400,-10.2400,-10.2400,-10.2400,-10.2400,-10.2400
2025-06-15_05:56:23.739,1,1,1,1,2.2250,2.2250,2.2250,2.2250,2.2200,0.0000,2.2200,2.2200,-10.2400,-10.2400,-10.2400,-10.2400,-10.2400,-10.2400,-10.2400,-10.2400
2025-06-15_05:56:24.743,1,1,1,1,2.2200,2.2250,2.2250,2.2250,2.2200,0.0000,2.2200,2.2200,-10.2400,-10.2400,-10.2400,-10.2400,-10.2400,-10.2400,-10.2400,-10.2400
2025-06-15_05:56:25.746,1,1,1,1,2.2250,2.2250,2.2250,2.2250,2.2200,0.0000,2.2200,2.2200,-10.2400,-10.2400,-10.2400,-10.2400,-10.2400,-10.2400,-10.2400,-10.2400
2025-06-15_05:56:26.750,1,1,1,1,2.2200,2.2250,2.2250,2.2250,2.2200,0.0000,2.2200,2.2200,-10.2400,-10.2400,-10.2400,-10.2400,-10.2400,-10.2400,-10.2400,-10.2400
2025-06-15_05:56:27.754,1,1,1,1,2.2250,2.2250,2.2250,2.2250,2.2200,0.0000,2.2200,2.2200,-10.2400,-10.2400,-10.2400,-10.2400,-10.2400,-10.2400,-10.2400,-10.2400
2025-06-15_05:56:28.759,1,1,1,1,2.2200,2.2250,2.2250,2.2250,2.2200,0.0000,2.2200,2.2200,-10.2400,-10.2400,-10.2400,-10.2400,-10.2400,-10.2400,-10.2400,-10.2400
2025-06-15_05:56:29.763,1,1,1,1,2.2250,2.2250,2.2250,2.2250,2.2200,0.0000,2.2200,2.2200,-10.2400,-10.2400,-10.2400,-10.2400,-10.2400,-10.2400,-10.2400,-10.2400
2025-06-15_05:56:30.768,1,1,1,1,2.2250,2.2250,2.2250,2.2250,2.2200,0.0000,2.2200,2.2200,-10.2400,-10.2400,-10.2400,-10.2400,-10.2400,-10.2400,-10.2400,-10.2400
2025-06-15_05:56:31.771,1,1,1,1,2.2200,2.2250,2.2250,2.2250,2.2200,0.0000,2.2200,2.2200,-10.2400,-10.2400,-10.2400,-10.2400,-10.2400,-10.2400,-10.2400,-10.2400
2025-06-15_05:56:32.775,1,1,1,1,2.2250,2.2250,2.2250,2.2250,2.2200,0.0000,2.2200,2.2200,-10.2400,-10.2400,-10.2400,-10.2400,-10.2400,-10.2400,-10.2400,-10.2400
2025-06-15_05:56:33.780,1,1,1,1,2.2200,2.2250,2.2250,2.2250,2.2200,0.0000,2.2200,2.2200,-10.2400,-10.2400,-10.2400,-10.2400,-10.2400,-10.2400,-10.2400,-10.2400
2025-06-15_05:56:34.784,1,1,1,1,2.2250,2.2250,2.2250,2.2250,2.2200,0.0000,2.2200,2.2200,-10.2400,-10.2400,-10.2400,-10.2400,-10.2400,-10.2400,-10.2400,-10.2400
2025-06-15_05:56:35.789,1,1,1,1,2.2250,2.2250,2.2250,2.2250,2.2200,0.0000,2.2200,2.2200,-10.2400,-10.2400,-10.2400,-10.2400,-10.2400,-10.2400,-10.2400,-10.2400
2025-06-15_05:56:36.794,1,1,1,1,2.2250,2.2250,2.2250,2.2250,2.2200,0.0000,2.2200,2.2200,-10.2400,-10.2400,-10.2400,-10.2400,-10.2400,-10.2400,-10.2400,-10.2400
2025-06-15_05:56:37.798,1,1,1,1,2.2250,2.2250,2.2250,2.2250,2.2200,0.0000,2.2200,2.2200,-10.2400,-10.2400,-10.2400,-10.2400,-10.2400,-10.2400,-10.2400,-10.2400
2025-06-15_05:56:38.806,1,1,1,1,2.2200,2.2250,2.2250,2.2250,2.2200,0.0000,2.2200,2.2200,-10.2400,-10.2400,-10.2400,-10.2400,-10.2400,-10.2400,-10.2400,-10.2400
2025-06-15_05:56:39.810,1,1,1,1,2.2200,2.2250,2.2250,2.2250,2.2200,0.0000,2.2200,2.2200,-10.2400,-10.2400,-10.2400,-10.2400,-10.2400,-10.2400,-10.2400,-10.2400
2025-06-15_05:56:40.815,1,1,1,1,2.2200,2.2250,2.2250,2.2250,2.2200,0.0000,2.2200,2.2200,-10.2400,-10.2400,-10.2400,-10.2400,-10.2400,-10.2400,-10.2400,-10.2400
2025-06-15_05:56:41.820,1,1,1,1,2.2200,2.2250,2.2250,2.2250,2.2200,0.0000,2.2200,2.2200,-10.2400,-10.2400,-10.2400,-10.2400,-10.2400,-10.2400,-10.2400,-10.2400
2025-06-15_05:56:42.824,1,1,1,1,2.2250,2.2250,2.2250,2.2250,2.2200,0.0000,2.2200,2.2200,-10.2400,-10.2400,-10.2400,-10.2400,-10.2400,-10.2400,-10.2400,-10.2400
2025-06-15_05:56:43.828,1,1,1,1,2.2250,2.2250,2.2250,2.2250,2.2200,0.0000,2.2200,2.2200,-10.2400,-10.2400,-10.2400,-10.2400,-10.2400,-10.2400,-10.2400,-10.2400
2025-06-15_05:56:44.831,1,1,1,1,2.2250,2.2250,2.2250,2.2250,2.2200,0.0000,2.2200,2.2200,-10.2400,-10.2400,-10.2400,-10.2400,-10.2400,-10.2400,-10.2400,-10.2400
2025-06-15_05:56:45.835,1,1,1,1,2.2250,2.2250,2.2250,2.2250,2.2200,0.0000,2.2200,2.2200,-10.2400,-10.2400,-10.2400,-10.2400,-10.2400,-10.2400,-10.2400,-10.2400
2025-06-15_05:56:46.839,1,1,1,1,2.2250,2.2250,2.2250,2.2250,2.2200,0.0000,2.2200,2.2200,-10.2400,-10.2400,-10.2400,-10.2400,-10.2400,-10.2400,-10.2400,-10.2400
2025-06-15_05:56:47.842,1,1,1,1,2.2250,2.2250,2.2250,2.2250,2.2200,0.0000,2.2200,2.2200,-10.2400,-10.2400,-10.2400,-10.2400,-10.2400,-10.2400,-10.2400,-10.2400
2025-06-15_05:56:48.850,1,1,1,1,2.2200,2.2250,2.2250,2.2250,2.2200,0.0000,2.2200,2.2200,-10.2400,-10.2400,-10.2400,-10.2400,-10.2400,-10.2400,-10.2400,-10.2400
2025-06-15_05:56:49.854,1,1,1,1,2.2250,2.2250,2.2250,2.2250,2.2200,0.0000,2.2200,2.2200,-10.2400,-10.2400,-10.2400,-10.2400,-10.2400,-10.2400,-10.2400,-10.2400
2025-06-15_05:56:50.859,1,1,1,1,2.2250,2.2250,2.2250,2.2250,2.2200,0.0000,2.2200,2.2200,-10.2400,-10.2400,-10.2400,-10.2400,-10.2400,-10.2400,-10.2400,-10.2400
2025-06-15_05:56:51.862,1,1,1,1,2.2200,2.2250,2.2250,2.2250,2.2200,0.0000,2.2200,2.2200,-10.2400,-10.2400,-10.2400,-10.2400,-10.2400,-10.2400,-10.2400,-10.2400
2025-06-15_05:56:52.865,1,1,1,1,2.2250,2.2250,2.2250,2.2250,2.2200,0.0000,2.2200,2.2200,-10.2400,-10.2400,-10.2400,-10.2400,-10.2400,-10.2400,-10.2400,-10.2400
2025-06-15_05:56:53.871,1,1,1,1,2.2200,2.2250,2.2250,2.2250,2.2200,0.0000,2.2200,2.2200,-10.2400,-10.2400,-10.2400,-10.2400,-10.2400,-10.2400,-10.2400,-10.2400
2025-06-15_05:56:54.874,1,1,1,1,2.2200,2.2250,2.2250,2.2250,2.2200,0.0000,2.2200,2.2200,-10.2400,-10.2400,-10.2400,-10.2400,-10.2400,-10.2400,-10.2400,-10.2400
2025-06-15_05:56:55.878,1,1,1,1,2.2250,2.2250,2.2250,2.2250,2.2200,0.0000,2.2200,2.2200,-10.2400,-10.2400,-10.2400,-10.2400,-10.2400,-10.2400,-10.2400,-10.2400
2025-06-15_05:56:56.882,1,1,1,1,2.2250,2.2250,2.2250,2.2250,2.2200,0.0000,2.2200,2.2200,-10.2400,-10.2400,-10.2400,-10.2400,-10.2400,-10.2400,-10.2400,-10.2400
2025-06-15_05:56:57.888,1,1,1,1,2.2200,2.2250,2.2250,2.2250,2.2200,0.0000,2.2200,2.2200,-10.2400,-10.2400,-10.2400,-10.2400,-10.2400,-10.2400,-10.2400,-10.2400
2025-06-15_05:56:58.893,1,1,1,1,2.2250,2.2250,2.2250,2.2250,2.2200,0.0000,2.2200,2.2200,-10.2400,-10.2400,-10.2400,-10.2400,-10.2400,-10.2400,-10.2400,-10.2400
2025-06-15_05:56:59.898,1,1,1,1,2.2250,2.2250,2.2250,2.2250,2.2200,0.0000,2.2200,2.2200,-10.2400,-10.2400,-10.2400,-10.2400,-10.2400,-10.2400,-10.2400,-10.2400
2025-06-15_05:57:00.902,1,1,1,1,2.2250,2.2250,2.2250,2.2250,2.2200,0.0000,2.2200,2.2200,-10.2400,-10.2400,-10.2400,-10.2400,-10.2400,-10.2400,-10.2400,-10.2400
2025-06-15_05:57:01.906,1,1,1,1,2.2200,2.2250,2.2250,2.2250,2.2200,0.0000,2.2200,2.2200,-10.2400,-10.2400,-10.2400,-10.2400,-10.2400,-10.2400,-10.2400,-10.2400
2025-06-15_05:57:02.911,1,1,1,1,2.2200,2.2250,2.2250,2.2250,2.2200,0.0000,2.2200,2.2200,-10.2400,-10.2400,-10.2400,-10.2400,-10.2400,-10.2400,-10.2400,-10.2400
2025-06-15_05:57:03.915,1,1,1,1,2.2200,2.2250,2.2250,2.2250,2.2200,0.0000,2.2200,2.2200,-10.2400,-10.2400,-10.2400,-10.2400,-10.2400,-10.2400,-10.2400,-10.2400
2025-06-15_05:57:04.919,1,1,1,1,2.2250,2.2250,2.2250,2.2250,2.2200,0.0000,2.2200,2.2200,-10.2400,-10.2400,-10.2400,-10.2400,-10.2400,-10.2400,-10.2400,-10.2400
2025-06-15_05:57:05.923,1,1,1,1,2.2250,2.2250,2.2250,2.2250,2.2200,0.0000,2.2200,2.2200,-10.2400,-10.2400,-10.2400,-10.2400,-10.2400,-10.2400,-10.2400,-10.2400
2025-06-15_05:57:06.927,1,1,1,1,2.2250,2.2250,2.2250,2.2250,2.2200,0.0000,2.2200,2.2200,-10.2400,-10.2400,-10.2400,-10.2400,-10.2400,-10.2400,-10.2400,-10.2400
2025-06-15_05:57:07.931,1,1,1,1,2.2250,2.2250,2.2250,2.2250,2.2200,0.0000,2.2200,2.2200,-10.2400,-10.2400,-10.2400,-10.2400,-10.2400,-10.2400,-10.2400,-10.2400
2025-06-15_05:57:08.935,1,1,1,1,2.2200,2.2250,2.2250,2.2250,2.2200,0.0000,2.2200,2.2200,-10.2400,-10.2400,-10.2400,-10.2400,-10.2400,-10.2400,-10.2400,-10.2400
2025-06-15_05:57:09.939,1,1,1,1,2.2200,2.2250,2.2250,2.2250,2.2200,0.0000,2.2200,2.2200,-10.2400,-10.2400,-10.2400,-10.2400,-10.2400,-10.2400,-10.2400,-10.2400
2025-06-15_05:57:10.944,1,1,1,1,2.2250,2.2250,2.2250,2.2250,2.2200,0.0000,2.2200,2.2200,-10.2400,-10.2400,-10.2400,-10.2400,-10.2400,-10.2400,-10.2400,-10.2400
2025-06-15_05:57:11.948,1,1,1,1,2.2200,2.2250,2.2250,2.2250,2.2200,0.0000,2.2200,2.2200,-10.2400,-10.2400,-10.2400,-10.2400,-10.2400,-10.2400,-10.2400,-10.2400
2025-06-15_05:57:12.953,1,1,1,1,2.2250,2.2250,2.2250,2.2250,2.2200,0.0000,2.2200,2.2200,-10.2400,-10.2400,-10.2400,-10.2400,-10.2400,-10.2400,-10.2400,-10.2400
2025-06-15_05:57:13.958,1,1,1,1,2.2200,2.2250,2.2250,2.2250,2.2200,0.0000,2.2200,2.2200,-10.2400,-10.2400,-10.2400,-10.2400,-10.2400,-10.2400,-10.2400,-10.2400
2025-06-15_05:57:14.962,1,1,1,1,2.2200,2.2250,2.2250,2.2250,2.2200,0.0000,2.2200,2.2200,-10.2400,-10.2400,-10.2400,-10.2400,-10.2400,-10.2400,-10.2400,-10.2400
2025-06-15_05:57:15.966,1,1,1,1,2.2250,2.2250,2.2250,2.2250,2.2200,0.0000,2.2200,2.2200,-10.2400,-10.2400,-10.2400,-10.2400,-10.2400,-10.2400,-10.2400,-10.2400
2025-06-15_05:57:16.970,1,1,1,1,2.2250,2.2250,2.2250,2.2250,2.2200,0.0000,2.2200,2.2200,-10.2400,-10.2400,-10.2400,-10.2400,-10.2400,-10.2400,-10.2400,-10.2400
2025-06-15_05:57:17.976,1,1,1,1,2.2250,2.2250,2.2250,2.2250,2.2200,0.0000,2.2200,2.2200,-10.2400,-10.2400,-10.2400,-10.2400,-10.2400,-10.2400,-10.2400,-10.2400
2025-06-15_05:57:18.979,1,1,1,1,2.2250,2.2250,2.2250,2.2250,2.2200,0.0000,2.2200,2.2200,-10.2400,-10.2400,-10.2400,-10.2400,-10.2400,-10.2400,-10.2400,-10.2400
2025-06-15_05:57:19.983,1,1,1,1,2.2250,2.2250,2.2250,2.2250,2.2200,0.0000,2.2200,2.2200,-10.2400,-10.2400,-10.2400,-10.2400,-10.2400,-10.2400,-10.2400,-10.2400
2025-06-15_05:57:20.987,1,1,1,1,2.2200,2.2250,2.2250,2.2250,2.2200,0.0000,2.2200,2.2200,-10.2400,-10.2400,-10.2400,-10.2400,-10.2400,-10.2400,-10.2400,-10.2400
2025-06-15_05:57:21.992,1,1,1,1,2.2200,2.2250,2.2250,2.2250,2.2200,0.0000,2.2200,2.2200,-10.2400,-10.2400,-10.2400,-10.2400,-10.2400,-10.2400,-10.2400,-10.2400
2025-06-15_05:57:22.996,1,1,1,1,2.2250,2.2250,2.2250,2.2250,2.2200,0.0000,2.2200,2.2200,-10.2400,-10.2400,-10.2400,-10.2400,-10.2400,-10.2400,-10.2400,-10.2400
2025-06-15_05:57:24.001,1,1,1,1,2.2250,2.2250,2.2250,2.2250,2.2200,0.0000,2.2200,2.2200,-10.2400,-10.2400,-10.2400,-10.2400,-10.2400,-10.2400,-10.2400,-10.2400
2025-06-15_05:57:25.005,1,1,1,1,2.2200,2.2250,2.2250,2.2250,2.2200,0.0000,2.2200,2.2200,-10.2400,-10.2400,-10.2400,-10.2400,-10.2400,-10.2400,-10.2400,-10.2400
2025-06-15_05:57:26.008,1,1,1,1,2.2200,2.2250,2.2250,2.2250,2.2200,0.0000,2.2200,2.2200,-10.2400,-10.2400,-10.2400,-10.2400,-10.2400,-10.2400,-10.2400,-10.2400
2025-06-15_05:57:27.013,1,1,1,1,2.2250,2.2250,2.2250,2.2250,2.2200,0.0000,2.2200,2.2200,-10.2400,-10.2400,-10.2400,-10.2400,-10.2400,-10.2400,-10.2400,-10.2400
2025-06-15_05:57:28.017,1,1,1,1,2.2200,2.2250,2.2250,2.2250,2.2200,0.0000,2.2200,2.2200,-10.2400,-10.2400,-10.2400,-10.2400,-10.2400,-10.2400,-10.2400,-10.2400
2025-06-15_05:57:29.021,1,1,1,1,2.2200,2.2250,2.2250,2.2250,2.2200,0.0000,2.2200,2.2200,-10.2400,-10.2400,-10.2400,-10.2400,-10.2400,-10.2400,-10.2400,-10.2400
2025-06-15_05:57:30.025,1,1,1,1,2.2250,2.2250,2.2250,2.2250,2.2200,0.0000,2.2200,2.2200,-10.2400,-10.2400,-10.2400,-10.2400,-10.2400,-10.2400,-10.2400,-10.2400
2025-06-15_05:57:31.030,1,1,1,1,2.2200,2.2250,2.2250,2.2250,2.2200,0.0000,2.2200,2.2200,-10.2400,-10.2400,-10.2400,-10.2400,-10.2400,-10.2400,-10.2400,-10.2400
2025-06-15_05:57:32.034,1,1,1,1,2.2200,2.2250,2.2250,2.2250,2.2200,0.0000,2.2200,2.2200,-10.2400,-10.2400,-10.2400,-10.2400,-10.2400,-10.2400,-10.2400,-10.2400
2025-06-15_05:57:33.039,1,1,1,1,2.2200,2.2250,2.2250,2.2250,2.2200,0.0000,2.2200,2.2200,-10.2400,-10.2400,-10.2400,-10.2400,-10.2400,-10.2400,-10.2400,-10.2400
2025-06-15_05:57:34.042,1,1,1,1,2.2250,2.2250,2.2250,2.2250,2.2200,0.0000,2.2200,2.2200,-10.2400,-10.2400,-10.2400,-10.2400,-10.2400,-10.2400,-10.2400,-10.2400
2025-06-15_05:57:35.046,1,1,1,1,2.2200,2.2250,2.2250,2.2250,2.2200,0.0000,2.2200,2.2200,-10.2400,-10.2400,-10.2400,-10.2400,-10.2400,-10.2400,-10.2400,-10.2400
2025-06-15_05:57:36.051,1,1,1,1,2.2250,2.2250,2.2250,2.2250,2.2200,0.0000,2.2200,2.2200,-10.2400,-10.2400,-10.2400,-10.2400,-10.2400,-10.2400,-10.2400,-10.2400
2025-06-15_05:57:37.055,1,1,1,1,2.2250,2.2250,2.2250,2.2250,2.2200,0.0000,2.2200,2.2200,-10.2400,-10.2400,-10.2400,-10.2400,-10.2400,-10.2400,-10.2400,-10.2400
2025-06-15_05:57:38.059,1,1,1,1,2.2200,2.2250,2.2250,2.2250,2.2200,0.0000,2.2200,2.2200,-10.2400,-10.2400,-10.2400,-10.2400,-10.2400,-10.2400,-10.2400,-10.2400
2025-06-15_05:57:39.062,1,1,1,1,2.2200,2.2250,2.2250,2.2250,2.2200,0.0000,2.2200,2.2200,-10.2400,-10.2400,-10.2400,-10.2400,-10.2400,-10.2400,-10.2400,-10.2400
2025-06-15_05:57:40.067,1,1,1,1,2.2250,2.2250,2.2250,2.2250,2.2200,0.0000,2.2200,2.2200,-10.2400,-10.2400,-10.2400,-10.2400,-10.2400,-10.2400,-10.2400,-10.2400
2025-06-15_05:57:41.070,1,1,1,1,2.2250,2.2250,2.2250,2.2250,2.2200,0.0000,2.2200,2.2200,-10.2400,-10.2400,-10.2400,-10.2400,-10.2400,-10.2400,-10.2400,-10.2400
2025-06-15_05:57:42.074,1,1,1,1,2.2250,2.2250,2.2250,2.2250,2.2200,0.0000,2.2200,2.2200,-10.2400,-10.2400,-10.2400,-10.2400,-10.2400,-10.2400,-10.2400,-10.2400
2025-06-15_05:57:43.077,1,1,1,1,2.2250,2.2250,2.2250,2.2250,2.2200,0.0000,2.2200,2.2200,-10.2400,-10.2400,-10.2400,-10.2400,-10.2400,-10.2400,-10.2400,-10.2400
2025-06-15_05:57:44.081,1,1,1,1,2.2250,2.2250,2.2200,2.2250,2.2200,0.0000,2.2200,2.2200,-10.2400,-10.2400,-10.2400,-10.2400,-10.2400,-10.2400,-10.2400,-10.2400
2025-06-15_05:57:45.084,1,1,1,1,2.2250,2.2250,2.2250,2.2250,2.2200,0.0000,2.2200,2.2200,-10.2400,-10.2400,-10.2400,-10.2400,-10.2400,-10.2400,-10.2400,-10.2400
2025-06-15_05:57:46.087,1,1,1,1,2.2250,2.2250,2.2250,2.2250,2.2200,0.0000,2.2200,2.2200,-10.2400,-10.2400,-10.2400,-10.2400,-10.2400,-10.2400,-10.2400,-10.2400
2025-06-15_05:57:47.092,1,1,1,1,2.2200,2.2250,2.2250,2.2250,2.2200,0.0000,2.2200,2.2200,-10.2400,-10.2400,-10.2400,-10.2400,-10.2400,-10.2400,-10.2400,-10.2400
2025-06-15_05:57:48.096,1,1,1,1,2.2250,2.2250,2.2250,2.2250,2.2200,0.0000,2.2200,2.2200,-10.2400,-10.2400,-10.2400,-10.2400,-10.2400,-10.2400,-10.2400,-10.2400
2025-06-15_05:57:49.100,1,1,1,1,2.2250,2.2250,2.2250,2.2250,2.2200,0.0000,2.2200,2.2200,-10.2400,-10.2400,-10.2400,-10.2400,-10.2400,-10.2400,-10.2400,-10.2400
2025-06-15_05:57:50.104,1,1,1,1,2.2200,2.2250,2.2250,2.2250,2.2200,0.0000,2.2200,2.2200,-10.2400,-10.2400,-10.2400,-10.2400,-10.2400,-10.2400,-10.2400,-10.2400
2025-06-15_05:57:51.109,1,1,1,1,2.2250,2.2250,2.2250,2.2250,2.2200,0.0000,2.2200,2.2200,-10.2400,-10.2400,-10.2400,-10.2400,-10.2400,-10.2400,-10.2400,-10.2400
2025-06-15_05:57:52.113,1,1,1,1,2.2250,2.2250,2.2250,2.2250,2.2200,0.0000,2.2200,2.2200,-10.2400,-10.2400,-10.2400,-10.2400,-10.2400,-10.2400,-10.2400,-10.2400
2025-06-15_05:57:53.117,1,1,1,1,2.2250,2.2250,2.2250,2.2250,2.2200,0.0000,2.2200,2.2200,-10.2400,-10.2400,-10.2400,-10.2400,-10.2400,-10.2400,-10.2400,-10.2400
2025-06-15_05:57:54.122,1,1,1,1,2.2250,2.2250,2.2250,2.2250,2.2200,0.0000,2.2200,2.2200,-10.2400,-10.2400,-10.2400,-10.2400,-10.2400,-10.2400,-10.2400,-10.2400
2025-06-15_05:57:55.127,1,1,1,1,2.2250,2.2250,2.2250,2.2250,2.2200,0.0000,2.2200,2.2200,-10.2400,-10.2400,-10.2400,-10.2400,-10.2400,-10.2400,-10.2400,-10.2400
2025-06-15_05:57:56.131,1,1,1,1,2.2200,2.2250,2.2250,2.2250,2.2200,0.0000,2.2200,2.2200,-10.2400,-10.2400,-10.2400,-10.2400,-10.2400,-10.2400,-10.2400,-10.2400
2025-06-15_05:57:57.135,1,1,1,1,2.2200,2.2250,2.2250,2.2250,2.2200,0.0000,2.2200,2.2200,-10.2400,-10.2400,-10.2400,-10.2400,-10.2400,-10.2400,-10.2400,-10.2400
2025-06-15_05:57:58.139,1,1,1,1,2.2200,2.2250,2.2250,2.2250,2.2200,0.0000,2.2200,2.2200,-10.2400,-10.2400,-10.2400,-10.2400,-10.2400,-10.2400,-10.2400,-10.2400
2025-06-15_05:57:59.144,1,1,1,1,2.2250,2.2250,2.2250,2.2250,2.2200,0.0000,2.2200,2.2200,-10.2400,-10.2400,-10.2400,-10.2400,-10.2400,-10.2400,-10.2400,-10.2400
2025-06-15_05:58:00.148,1,1,1,1,2.2250,2.2250,2.2250,2.2250,2.2200,0.0000,2.2200,2.2200,-10.2400,-10.2400,-10.2400,-10.2400,-10.2400,-10.2400,-10.2400,-10.2400
2025-06-15_05:58:01.153,1,1,1,1,2.2250,2.2250,2.2250,2.2250,2.2200,0.0000,2.2200,2.2200,-10.2400,-10.2400,-10.2400,-10.2400,-10.2400,-10.2400,-10.2400,-10.2400
2025-06-15_05:58:02.157,1,1,1,1,2.2250,2.2250,2.2250,2.2250,2.2200,0.0000,2.2200,2.2200,-10.2400,-10.2400,-10.2400,-10.2400,-10.2400,-10.2400,-10.2400,-10.2400
2025-06-15_05:58:03.160,1,1,1,1,2.2250,2.2250,2.2250,2.2250,2.2200,0.0000,2.2200,2.2200,-10.2400,-10.2400,-10.2400,-10.2400,-10.2400,-10.2400,-10.2400,-10.2400
2025-06-15_05:58:04.164,1,1,1,1,2.2200,2.2250,2.2250,2.2250,2.2200,0.0000,2.2200,2.2200,-10.2400,-10.2400,-10.2400,-10.2400,-10.2400,-10.2400,-10.2400,-10.2400
2025-06-15_05:58:05.167,1,1,1,1,2.2250,2.2250,2.2250,2.2250,2.2200,0.0000,2.2200,2.2200,-10.2400,-10.2400,-10.2400,-10.2400,-10.2400,-10.2400,-10.2400,-10.2400
2025-06-15_05:58:06.172,1,1,1,1,2.2250,2.2250,2.2250,2.2250,2.2200,0.0000,2.2200,2.2200,-10.2400,-10.2400,-10.2400,-10.2400,-10.2400,-10.2400,-10.2400,-10.2400
2025-06-15_05:58:07.176,1,1,1,1,2.2200,2.2250,2.2250,2.2250,2.2200,0.0000,2.2200,2.2200,-10.2400,-10.2400,-10.2400,-10.2400,-10.2400,-10.2400,-10.2400,-10.2400
2025-06-15_05:58:08.181,1,1,1,1,2.2200,2.2250,2.2250,2.2250,2.2200,0.0000,2.2200,2.2200,-10.2400,-10.2400,-10.2400,-10.2400,-10.2400,-10.2400,-10.2400,-10.2400
2025-06-15_05:58:09.186,1,1,1,1,2.2250,2.2250,2.2250,2.2250,2.2200,0.0000,2.2200,2.2200,-10.2400,-10.2400,-10.2400,-10.2400,-10.2400,-10.2400,-10.2400,-10.2400
2025-06-15_05:58:10.190,1,1,1,1,2.2250,2.2250,2.2250,2.2250,2.2200,0.0000,2.2200,2.2200,-10.2400,-10.2400,-10.2400,-10.2400,-10.2400,-10.2400,-10.2400,-10.2400
2025-06-15_05:58:11.195,1,1,1,1,2.2200,2.2250,2.2250,2.2250,2.2200,0.0000,2.2200,2.2200,-10.2400,-10.2400,-10.2400,-10.2400,-10.2400,-10.2400,-10.2400,-10.2400
2025-06-15_05:58:12.200,1,1,1,1,2.2200,2.2250,2.2250,2.2250,2.2200,0.0000,2.2200,2.2200,-10.2400,-10.2400,-10.2400,-10.2400,-10.2400,-10.2400,-10.2400,-10.2400
2025-06-15_05:58:13.204,1,1,1,1,2.2250,2.2250,2.2250,2.2250,2.2200,0.0000,2.2200,2.2200,-10.2400,-10.2400,-10.2400,-10.2400,-10.2400,-10.2400,-10.2400,-10.2400
2025-06-15_05:58:14.207,1,1,1,1,2.2250,2.2250,2.2250,2.2250,2.2200,0.0000,2.2200,2.2200,-10.2400,-10.2400,-10.2400,-10.2400,-10.2400,-10.2400,-10.2400,-10.2400
2025-06-15_05:58:15.212,1,1,1,1,2.2250,2.2250,2.2250,2.2250,2.2200,0.0000,2.2200,2.2200,-10.2400,-10.2400,-10.2400,-10.2400,-10.2400,-10.2400,-10.2400,-10.2400
2025-06-15_05:58:16.216,1,1,1,1,2.2250,2.2250,2.2250,2.2250,2.2200,0.0000,2.2200,2.2200,-10.2400,-10.2400,-10.2400,-10.2400,-10.2400,-10.2400,-10.2400,-10.2400
2025-06-15_05:58:17.220,1,1,1,1,2.2250,2.2250,2.2250,2.2250,2.2200,0.0000,2.2200,2.2200,-10.2400,-10.2400,-10.2400,-10.2400,-10.2400,-10.2400,-10.2400,-10.2400
2025-06-15_05:58:18.229,1,1,1,1,2.2250,2.2250,2.2250,2.2250,2.2200,0.0000,2.2200,2.2200,-10.2400,-10.2400,-10.2400,-10.2400,-10.2400,-10.2400,-10.2400,-10.2400
2025-06-15_05:58:19.233,1,1,1,1,2.2200,2.2250,2.2250,2.2250,2.2200,0.0000,2.2200,2.2200,-10.2400,-10.2400,-10.2400,-10.2400,-10.2400,-10.2400,-10.2400,-10.2400
2025-06-15_05:58:20.237,1,1,1,1,2.2250,2.2250,2.2250,2.2250,2.2200,0.0000,2.2200,2.2200,-10.2400,-10.2400,-10.2400,-10.2400,-10.2400,-10.2400,-10.2400,-10.2400
2025-06-15_05:58:21.241,1,1,1,1,2.2250,2.2250,2.2250,2.2250,2.2200,0.0000,2.2200,2.2200,-10.2400,-10.2400,-10.2400,-10.2400,-10.2400,-10.2400,-10.2400,-10.2400
2025-06-15_05:58:22.244,1,1,1,1,2.2200,2.2250,2.2250,2.2250,2.2200,0.0000,2.2200,2.2200,-10.2400,-10.2400,-10.2400,-10.2400,-10.2400,-10.2400,-10.2400,-10.2400
2025-06-15_05:58:23.250,1,1,1,1,2.2250,2.2250,2.2250,2.2250,2.2200,0.0000,2.2200,2.2200,-10.2400,-10.2400,-10.2400,-10.2400,-10.2400,-10.2400,-10.2400,-10.2400
2025-06-15_05:58:24.254,1,1,1,1,2.2250,2.2250,2.2250,2.2250,2.2200,0.0000,2.2200,2.2200,-10.2400,-10.2400,-10.2400,-10.2400,-10.2400,-10.2400,-10.2400,-10.2400
2025-06-15_05:58:25.258,1,1,1,1,2.2200,2.2250,2.2250,2.2250,2.2200,0.0000,2.2200,2.2200,-10.2400,-10.2400,-10.2400,-10.2400,-10.2400,-10.2400,-10.2400,-10.2400
2025-06-15_05:58:26.263,1,1,1,1,2.2250,2.2250,2.2250,2.2250,2.2200,0.0000,2.2200,2.2200,-10.2400,-10.2400,-10.2400,-10.2400,-10.2400,-10.2400,-10.2400,-10.2400
2025-06-15_05:58:27.268,1,1,1,1,2.2250,2.2250,2.2250,2.2250,2.2200,0.0000,2.2200,2.2200,-10.2400,-10.2400,-10.2400,-10.2400,-10.2400,-10.2400,-10.2400,-10.2400
2025-06-15_05:58:28.273,1,1,1,1,2.2250,2.2250,2.2250,2.2250,2.2200,0.0000,2.2200,2.2200,-10.2400,-10.2400,-10.2400,-10.2400,-10.2400,-10.2400,-10.2400,-10.2400
2025-06-15_05:58:29.277,1,1,1,1,2.2250,2.2250,2.2250,2.2250,2.2200,0.0000,2.2200,2.2200,-10.2400,-10.2400,-10.2400,-10.2400,-10.2400,-10.2400,-10.2400,-10.2400
2025-06-15_05:58:30.281,1,1,1,1,2.2250,2.2250,2.2250,2.2250,2.2200,0.0000,2.2200,2.2200,-10.2400,-10.2400,-10.2400,-10.2400,-10.2400,-10.2400,-10.2400,-10.2400
2025-06-15_05:58:31.286,1,1,1,1,2.2250,2.2250,2.2250,2.2250,2.2200,0.0000,2.2200,2.2200,-10.2400,-10.2400,-10.2400,-10.2400,-10.2400,-10.2400,-10.2400,-10.2400
2025-06-15_05:58:32.290,1,1,1,1,2.2200,2.2250,2.2200,2.2250,2.2200,0.0000,2.2200,2.2200,-10.2400,-10.2400,-10.2400,-10.2400,-10.2400,-10.2400,-10.2400,-10.2400
2025-06-15_05:58:33.295,1,1,1,1,2.2200,2.2250,2.2250,2.2250,2.2200,0.0000,2.2200,2.2200,-10.2400,-10.2400,-10.2400,-10.2400,-10.2400,-10.2400,-10.2400,-10.2400
2025-06-15_05:58:34.300,1,1,1,1,2.2250,2.2250,2.2250,2.2250,2.2200,0.0000,2.2200,2.2200,-10.2400,-10.2400,-10.2400,-10.2400,-10.2400,-10.2400,-10.2400,-10.2400
2025-06-15_05:58:35.303,1,1,1,1,2.2250,2.2250,2.2250,2.2250,2.2200,0.0000,2.2200,2.2200,-10.2400,-10.2400,-10.2400,-10.2400,-10.2400,-10.2400,-10.2400,-10.2400
2025-06-15_05:58:36.308,1,1,1,1,2.2250,2.2250,2.2250,2.2250,2.2200,0.0000,2.2200,2.2200,-10.2400,-10.2400,-10.2400,-10.2400,-10.2400,-10.2400,-10.2400,-10.2400
2025-06-15_05:58:37.312,1,1,1,1,2.2250,2.2250,2.2250,2.2250,2.2200,0.0000,2.2200,2.2200,-10.2400,-10.2400,-10.2400,-10.2400,-10.2400,-10.2400,-10.2400,-10.2400
2025-06-15_05:58:38.316,1,1,1,1,2.2200,2.2250,2.2250,2.2250,2.2200,0.0000,2.2200,2.2200,-10.2400,-10.2400,-10.2400,-10.2400,-10.2400,-10.2400,-10.2400,-10.2400
2025-06-15_05:58:39.320,1,1,1,1,2.2200,2.2250,2.2250,2.2250,2.2200,0.0000,2.2200,2.2200,-10.2400,-10.2400,-10.2400,-10.2400,-10.2400,-10.2400,-10.2400,-10.2400
2025-06-15_05:58:40.324,1,1,1,1,2.2250,2.2250,2.2250,2.2250,2.2200,0.0000,2.2200,2.2200,-10.2400,-10.2400,-10.2400,-10.2400,-10.2400,-10.2400,-10.2400,-10.2400
2025-06-15_05:58:41.328,1,1,1,1,2.2200,2.2250,2.2250,2.2250,2.2200,0.0000,2.2200,2.2200,-10.2400,-10.2400,-10.2400,-10.2400,-10.2400,-10.2400,-10.2400,-10.2400
2025-06-15_05:58:42.332,1,1,1,1,2.2250,2.2250,2.2250,2.2250,2.2200,0.0000,2.2200,2.2200,-10.2400,-10.2400,-10.2400,-10.2400,-10.2400,-10.2400,-10.2400,-10.2400
2025-06-15_05:58:43.336,1,1,1,1,2.2250,2.2250,2.2250,2.2250,2.2200,0.0000,2.2200,2.2200,-10.2400,-10.2400,-10.2400,-10.2400,-10.2400,-10.2400,-10.2400,-10.2400
2025-06-15_05:58:44.340,1,1,1,1,2.2250,2.2250,2.2250,2.2250,2.2200,0.0000,2.2200,2.2200,-10.2400,-10.2400,-10.2400,-10.2400,-10.2400,-10.2400,-10.2400,-10.2400
2025-06-15_05:58:45.345,1,1,1,1,2.2250,2.2250,2.2250,2.2250,2.2200,0.0000,2.2200,2.2200,-10.2400,-10.2400,-10.2400,-10.2400,-10.2400,-10.2400,-10.2400,-10.2400
2025-06-15_05:58:46.349,1,1,1,1,2.2250,2.2250,2.2250,2.2250,2.2200,0.0000,2.2200,2.2200,-10.2400,-10.2400,-10.2400,-10.2400,-10.2400,-10.2400,-10.2400,-10.2400
2025-06-15_05:58:47.353,1,1,1,1,2.2250,2.2250,2.2250,2.2250,2.2200,0.0000,2.2200,2.2200,-10.2400,-10.2400,-10.2400,-10.2400,-10.2400,-10.2400,-10.2400,-10.2400
2025-06-15_05:58:48.358,1,1,1,1,2.2200,2.2250,2.2250,2.2250,2.2200,0.0000,2.2200,2.2200,-10.2400,-10.2400,-10.2400,-10.2400,-10.2400,-10.2400,-10.2400,-10.2400
2025-06-15_05:58:49.362,1,1,1,1,2.2250,2.2250,2.2250,2.2250,2.2200,0.0000,2.2200,2.2200,-10.2400,-10.2400,-10.2400,-10.2400,-10.2400,-10.2400,-10.2400,-10.2400
2025-06-15_05:58:50.366,1,1,1,1,2.2250,2.2250,2.2200,2.2250,2.2200,0.0000,2.2200,2.2200,-10.2400,-10.2400,-10.2400,-10.2400,-10.2400,-10.2400,-10.2400,-10.2400
2025-06-15_05:58:51.370,1,1,1,1,2.2200,2.2250,2.2250,2.2250,2.2200,0.0000,2.2200,2.2200,-10.2400,-10.2400,-10.2400,-10.2400,-10.2400,-10.2400,-10.2400,-10.2400
2025-06-15_05:58:52.374,1,1,1,1,2.2250,2.2250,2.2250,2.2250,2.2200,0.0000,2.2200,2.2200,-10.2400,-10.2400,-10.2400,-10.2400,-10.2400,-10.2400,-10.2400,-10.2400
2025-06-15_05:58:53.379,1,1,1,1,2.2250,2.2250,2.2250,2.2250,2.2200,0.0000,2.2200,2.2200,-10.2400,-10.2400,-10.2400,-10.2400,-10.2400,-10.2400,-10.2400,-10.2400
2025-06-15_05:58:54.384,1,1,1,1,2.2250,2.2250,2.2250,2.2250,2.2200,0.0000,2.2200,2.2200,-10.2400,-10.2400,-10.2400,-10.2400,-10.2400,-10.2400,-10.2400,-10.2400
2025-06-15_05:58:55.388,1,1,1,1,2.2200,2.2250,2.2250,2.2250,2.2200,0.0000,2.2200,2.2200,-10.2400,-10.2400,-10.2400,-10.2400,-10.2400,-10.2400,-10.2400,-10.2400
2025-06-15_05:58:56.393,1,1,1,1,2.2250,2.2250,2.2250,2.2250,2.2200,0.0000,2.2200,2.2200,-10.2400,-10.2400,-10.2400,-10.2400,-10.2400,-10.2400,-10.2400,-10.2400
2025-06-15_05:58:57.397,1,1,1,1,2.2250,2.2250,2.2250,2.2250,2.2200,0.0000,2.2200,2.2200,-10.2400,-10.2400,-10.2400,-10.2400,-10.2400,-10.2400,-10.2400,-10.2400
2025-06-15_05:58:58.402,1,1,1,1,2.2250,2.2250,2.2250,2.2250,2.2200,0.0000,2.2200,2.2200,-10.2400,-10.2400,-10.2400,-10.2400,-10.2400,-10.2400,-10.2400,-10.2400
2025-06-15_05:58:59.407,1,1,1,1,2.2250,2.2250,2.2250,2.2250,2.2200,0.0000,2.2200,2.2200,-10.2400,-10.2400,-10.2400,-10.2400,-10.2400,-10.2400,-10.2400,-10.2400
2025-06-15_05:59:00.410,1,1,1,1,2.2250,2.2250,2.2250,2.2250,2.2200,0.0000,2.2200,2.2200,-10.2400,-10.2400,-10.2400,-10.2400,-10.2400,-10.2400,-10.2400,-10.2400
2025-06-15_05:59:01.415,1,1,1,1,2.2200,2.2250,2.2250,2.2250,2.2200,0.0000,2.2200,2.2200,-10.2400,-10.2400,-10.2400,-10.2400,-10.2400,-10.2400,-10.2400,-10.2400
2025-06-15_05:59:02.419,1,1,1,1,2.2200,2.2250,2.2250,2.2250,2.2200,0.0000,2.2200,2.2200,-10.2400,-10.2400,-10.2400,-10.2400,-10.2400,-10.2400,-10.2400,-10.2400
2025-06-15_05:59:03.422,1,1,1,1,2.2250,2.2250,2.2250,2.2250,2.2200,0.0000,2.2200,2.2200,-10.2400,-10.2400,-10.2400,-10.2400,-10.2400,-10.2400,-10.2400,-10.2400
2025-06-15_05:59:04.427,1,1,1,1,2.2250,2.2250,2.2250,2.2250,2.2200,0.0000,2.2200,2.2200,-10.2400,-10.2400,-10.2400,-10.2400,-10.2400,-10.2400,-10.2400,-10.2400
2025-06-15_05:59:05.432,1,1,1,1,2.2250,2.2250,2.2250,2.2250,2.2200,0.0000,2.2200,2.2200,-10.2400,-10.2400,-10.2400,-10.2400,-10.2400,-10.2400,-10.2400,-10.2400
2025-06-15_05:59:06.436,1,1,1,1,2.2200,2.2250,2.2250,2.2250,2.2200,0.0000,2.2200,2.2200,-10.2400,-10.2400,-10.2400,-10.2400,-10.2400,-10.2400,-10.2400,-10.2400
2025-06-15_05:59:07.441,1,1,1,1,2.2250,2.2250,2.2250,2.2250,2.2200,0.0000,2.2200,2.2200,-10.2400,-10.2400,-10.2400,-10.2400,-10.2400,-10.2400,-10.2400,-10.2400
2025-06-15_05:59:08.445,1,1,1,1,2.2250,2.2250,2.2250,2.2250,2.2200,0.0000,2.2200,2.2200,-10.2400,-10.2400,-10.2400,-10.2400,-10.2400,-10.2400,-10.2400,-10.2400
2025-06-15_05:59:09.449,1,1,1,1,2.2250,2.2250,2.2250,2.2250,2.2200,0.0000,2.2200,2.2200,-10.2400,-10.2400,-10.2400,-10.2400,-10.2400,-10.2400,-10.2400,-10.2400
2025-06-15_05:59:10.454,1,1,1,1,2.2250,2.2250,2.2250,2.2250,2.2200,0.0000,2.2200,2.2200,-10.2400,-10.2400,-10.2400,-10.2400,-10.2400,-10.2400,-10.2400,-10.2400
2025-06-15_05:59:11.458,1,1,1,1,2.2250,2.2250,2.2250,2.2250,2.2200,0.0000,2.2200,2.2200,-10.2400,-10.2400,-10.2400,-10.2400,-10.2400,-10.2400,-10.2400,-10.2400
2025-06-15_05:59:12.462,1,1,1,1,2.2200,2.2250,2.2250,2.2250,2.2200,0.0000,2.2200,2.2200,-10.2400,-10.2400,-10.2400,-10.2400,-10.2400,-10.2400,-10.2400,-10.2400
2025-06-15_05:59:13.466,1,1,1,1,2.2200,2.2250,2.2250,2.2250,2.2200,0.0000,2.2200,2.2200,-10.2400,-10.2400,-10.2400,-10.2400,-10.2400,-10.2400,-10.2400,-10.2400
2025-06-15_05:59:14.471,1,1,1,1,2.2250,2.2250,2.2250,2.2250,2.2200,0.0000,2.2200,2.2200,-10.2400,-10.2400,-10.2400,-10.2400,-10.2400,-10.2400,-10.2400,-10.2400
2025-06-15_05:59:15.475,1,1,1,1,2.2250,2.2250,2.2250,2.2250,2.2200,0.0000,2.2200,2.2200,-10.2400,-10.2400,-10.2400,-10.2400,-10.2400,-10.2400,-10.2400,-10.2400
2025-06-15_05:59:16.479,1,1,1,1,2.2200,2.2250,2.2250,2.2250,2.2200,0.0000,2.2200,2.2200,-10.2400,-10.2400,-10.2400,-10.2400,-10.2400,-10.2400,-10.2400,-10.2400
2025-06-15_05:59:17.483,1,1,1,1,2.2250,2.2250,2.2250,2.2250,2.2200,0.0000,2.2200,2.2200,-10.2400,-10.2400,-10.2400,-10.2400,-10.2400,-10.2400,-10.2400,-10.2400
2025-06-15_05:59:18.487,1,1,1,1,2.2250,2.2250,2.2250,2.2250,2.2200,0.0000,2.2200,2.2200,-10.2400,-10.2400,-10.2400,-10.2400,-10.2400,-10.2400,-10.2400,-10.2400
2025-06-15_05:59:19.492,1,1,1,1,2.2250,2.2250,2.2250,2.2250,2.2200,0.0000,2.2200,2.2200,-10.2400,-10.2400,-10.2400,-10.2400,-10.2400,-10.2400,-10.2400,-10.2400
2025-06-15_05:59:20.497,1,1,1,1,2.2200,2.2250,2.2250,2.2250,2.2200,0.0000,2.2200,2.2200,-10.2400,-10.2400,-10.2400,-10.2400,-10.2400,-10.2400,-10.2400,-10.2400
2025-06-15_05:59:21.500,1,1,1,1,2.2250,2.2250,2.2250,2.2250,2.2200,0.0000,2.2200,2.2200,-10.2400,-10.2400,-10.2400,-10.2400,-10.2400,-10.2400,-10.2400,-10.2400
2025-06-15_05:59:22.504,1,1,1,1,2.2250,2.2250,2.2250,2.2250,2.2200,0.0000,2.2200,2.2200,-10.2400,-10.2400,-10.2400,-10.2400,-10.2400,-10.2400,-10.2400,-10.2400
2025-06-15_05:59:23.508,1,1,1,1,2.2250,2.2250,2.2250,2.2250,2.2200,0.0000,2.2200,2.2200,-10.2400,-10.2400,-10.2400,-10.2400,-10.2400,-10.2400,-10.2400,-10.2400
2025-06-15_05:59:24.514,1,1,1,1,2.2200,2.2250,2.2250,2.2250,2.2200,0.0000,2.2200,2.2200,-10.2400,-10.2400,-10.2400,-10.2400,-10.2400,-10.2400,-10.2400,-10.2400
2025-06-15_05:59:25.518,1,1,1,1,2.2250,2.2250,2.2250,2.2250,2.2200,0.0000,2.2200,2.2200,-10.2400,-10.2400,-10.2400,-10.2400,-10.2400,-10.2400,-10.2400,-10.2400
2025-06-15_05:59:26.523,1,1,1,1,2.2250,2.2250,2.2250,2.2250,2.2200,0.0000,2.2200,2.2200,-10.2400,-10.2400,-10.2400,-10.2400,-10.2400,-10.2400,-10.2400,-10.2400
2025-06-15_05:59:27.526,1,1,1,1,2.2250,2.2250,2.2250,2.2250,2.2200,0.0000,2.2200,2.2200,-10.2400,-10.2400,-10.2400,-10.2400,-10.2400,-10.2400,-10.2400,-10.2400
2025-06-15_05:59:28.532,1,1,1,1,2.2250,2.2250,2.2250,2.2250,2.2200,0.0000,2.2200,2.2200,-10.2400,-10.2400,-10.2400,-10.2400,-10.2400,-10.2400,-10.2400,-10.2400
2025-06-15_05:59:29.536,1,1,1,1,2.2250,2.2250,2.2250,2.2250,2.2200,0.0000,2.2200,2.2200,-10.2400,-10.2400,-10.2400,-10.2400,-10.2400,-10.2400,-10.2400,-10.2400
2025-06-15_05:59:30.539,1,1,1,1,2.2250,2.2250,2.2250,2.2250,2.2200,0.0000,2.2200,2.2200,-10.2400,-10.2400,-10.2400,-10.2400,-10.2400,-10.2400,-10.2400,-10.2400
2025-06-15_05:59:31.542,1,1,1,1,2.2250,2.2250,2.2250,2.2250,2.2200,0.0000,2.2200,2.2200,-10.2400,-10.2400,-10.2400,-10.2400,-10.2400,-10.2400,-10.2400,-10.2400
2025-06-15_05:59:32.545,1,1,1,1,2.2250,2.2250,2.2250,2.2250,2.2200,0.0000,2.2200,2.2200,-10.2400,-10.2400,-10.2400,-10.2400,-10.2400,-10.2400,-10.2400,-10.2400
2025-06-15_05:59:33.550,1,1,1,1,2.2200,2.2250,2.2250,2.2250,2.2200,0.0000,2.2200,2.2200,-10.2400,-10.2400,-10.2400,-10.2400,-10.2400,-10.2400,-10.2400,-10.2400
2025-06-15_05:59:34.553,1,1,1,1,2.2250,2.2250,2.2250,2.2250,2.2200,0.0000,2.2200,2.2200,-10.2400,-10.2400,-10.2400,-10.2400,-10.2400,-10.2400,-10.2400,-10.2400
2025-06-15_05:59:35.558,1,1,1,1,2.2200,2.2250,2.2250,2.2250,2.2200,0.0000,2.2200,2.2200,-10.2400,-10.2400,-10.2400,-10.2400,-10.2400,-10.2400,-10.2400,-10.2400
2025-06-15_05:59:36.563,1,1,1,1,2.2250,2.2250,2.2250,2.2250,2.2200,0.0000,2.2200,2.2200,-10.2400,-10.2400,-10.2400,-10.2400,-10.2400,-10.2400,-10.2400,-10.2400
2025-06-15_05:59:37.566,1,1,1,1,2.2250,2.2250,2.2250,2.2250,2.2200,0.0000,2.2200,2.2200,-10.2400,-10.2400,-10.2400,-10.2400,-10.2400,-10.2400,-10.2400,-10.2400
2025-06-15_05:59:38.572,1,1,1,1,2.2200,2.2250,2.2250,2.2250,2.2200,0.0000,2.2200,2.2200,-10.2400,-10.2400,-10.2400,-10.2400,-10.2400,-10.2400,-10.2400,-10.2400
2025-06-15_05:59:39.575,1,1,1,1,2.2250,2.2250,2.2250,2.2250,2.2200,0.0000,2.2200,2.2200,-10.2400,-10.2400,-10.2400,-10.2400,-10.2400,-10.2400,-10.2400,-10.2400
2025-06-15_05:59:40.580,1,1,1,1,2.2250,2.2250,2.2250,2.2250,2.2200,0.0000,2.2200,2.2200,-10.2400,-10.2400,-10.2400,-10.2400,-10.2400,-10.2400,-10.2400,-10.2400
2025-06-15_05:59:41.583,1,1,1,1,2.2250,2.2250,2.2250,2.2250,2.2200,0.0000,2.2200,2.2200,-10.2400,-10.2400,-10.2400,-10.2400,-10.2400,-10.2400,-10.2400,-10.2400
2025-06-15_05:59:42.586,1,1,1,1,2.2250,2.2250,2.2250,2.2250,2.2200,0.0000,2.2200,2.2200,-10.2400,-10.2400,-10.2400,-10.2400,-10.2400,-10.2400,-10.2400,-10.2400
2025-06-15_05:59:43.590,1,1,1,1,2.2250,2.2250,2.2250,2.2250,2.2200,0.0000,2.2200,2.2200,-10.2400,-10.2400,-10.2400,-10.2400,-10.2400,-10.2400,-10.2400,-10.2400
2025-06-15_05:59:44.593,1,1,1,1,2.2250,2.2250,2.2250,2.2250,2.2200,0.0000,2.2200,2.2200,-10.2400,-10.2400,-10.2400,-10.2400,-10.2400,-10.2400,-10.2400,-10.2400
2025-06-15_05:59:45.596,1,1,1,1,2.2250,2.2250,2.2200,2.2250,2.2200,0.0000,2.2200,2.2200,-10.2400,-10.2400,-10.2400,-10.2400,-10.2400,-10.2400,-10.2400,-10.2400
2025-06-15_05:59:46.600,1,1,1,1,2.2250,2.2250,2.2250,2.2250,2.2200,0.0000,2.2200,2.2200,-10.2400,-10.2400,-10.2400,-10.2400,-10.2400,-10.2400,-10.2400,-10.2400
2025-06-15_05:59:47.606,1,1,1,1,2.2200,2.2250,2.2250,2.2250,2.2200,0.0000,2.2200,2.2200,-10.2400,-10.2400,-10.2400,-10.2400,-10.2400,-10.2400,-10.2400,-10.2400
2025-06-15_05:59:48.611,1,1,1,1,2.2200,2.2250,2.2250,2.2250,2.2200,0.0000,2.2200,2.2200,-10.2400,-10.2400,-10.2400,-10.2400,-10.2400,-10.2400,-10.2400,-10.2400
2025-06-15_05:59:49.615,1,1,1,1,2.2250,2.2250,2.2250,2.2250,2.2200,0.0000,2.2200,2.2200,-10.2400,-10.2400,-10.2400,-10.2400,-10.2400,-10.2400,-10.2400,-10.2400
2025-06-15_05:59:50.618,1,1,1,1,2.2250,2.2250,2.2250,2.2250,2.2200,0.0000,2.2200,2.2200,-10.2400,-10.2400,-10.2400,-10.2400,-10.2400,-10.2400,-10.2400,-10.2400
2025-06-15_05:59:51.623,1,1,1,1,2.2250,2.2250,2.2250,2.2250,2.2200,0.0000,2.2200,2.2200,-10.2400,-10.2400,-10.2400,-10.2400,-10.2400,-10.2400,-10.2400,-10.2400
2025-06-15_05:59:52.627,1,1,1,1,2.2250,2.2250,2.2200,2.2250,2.2200,0.0000,2.2200,2.2200,-10.2400,-10.2400,-10.2400,-10.2400,-10.2400,-10.2400,-10.2400,-10.2400
2025-06-15_05:59:53.631,1,1,1,1,2.2200,2.2250,2.2250,2.2250,2.2200,0.0000,2.2200,2.2200,-10.2400,-10.2400,-10.2400,-10.2400,-10.2400,-10.2400,-10.2400,-10.2400
2025-06-15_05:59:54.636,1,1,1,1,2.2250,2.2250,2.2250,2.2250,2.2200,0.0000,2.2200,2.2200,-10.2400,-10.2400,-10.2400,-10.2400,-10.2400,-10.2400,-10.2400,-10.2400
2025-06-15_05:59:55.641,1,1,1,1,2.2200,2.2250,2.2250,2.2250,2.2200,0.0000,2.2200,2.2200,-10.2400,-10.2400,-10.2400,-10.2400,-10.2400,-10.2400,-10.2400,-10.2400
2025-06-15_05:59:56.645,1,1,1,1,2.2200,2.2250,2.2250,2.2250,2.2200,0.0000,2.2200,2.2200,-10.2400,-10.2400,-10.2400,-10.2400,-10.2400,-10.2400,-10.2400,-10.2400
2025-06-15_05:59:57.650,1,1,1,1,2.2250,2.2250,2.2250,2.2250,2.2200,0.0000,2.2200,2.2200,-10.2400,-10.2400,-10.2400,-10.2400,-10.2400,-10.2400,-10.2400,-10.2400
2025-06-15_05:59:58.655,1,1,1,1,2.2200,2.2250,2.2250,2.2250,2.2200,0.0000,2.2200,2.2200,-10.2400,-10.2400,-10.2400,-10.2400,-10.2400,-10.2400,-10.2400,-10.2400
2025-06-15_05:59:59.660,1,1,1,1,2.2200,2.2250,2.2250,2.2250,2.2200,0.0000,2.2200,2.2200,-10.2400,-10.2400,-10.2400,-10.2400,-10.2400,-10.2400,-10.2400,-10.2400
2025-06-15_06:00:00.664,1,1,1,1,2.2250,2.2250,2.2250,2.2250,2.2200,0.0000,2.2200,2.2200,-10.2400,-10.2400,-10.2400,-10.2400,-10.2400,-10.2400,-10.2400,-10.2400
